int
0
0
0
2151
0
0
0
2295
0
0
0
2139
0
0
2080
2069
2094
3851
0
0
3847
0
0
3843
0
0
2155
0
0
2076
2131
2053
2090
2143
0
2195
0
2211
0
2179
0
2227
0
2175
2072
2171
0
2061
2086
2251
0
2247
0
2243
2323
2064
2319
2315
2307
2299
2291
2287
2105
2166
2283
2279
2056
2275
2271
2267
2263
2259
2255
2239
2235
2231
2223
2048
2101
2162
2219
2308
2215
2207
2203
2124
2199
2191
2187
2300
2183
2147
2135
2097
2158
2123
2119
2115
6207
0
0
0
0
0
0
0
0
0
0
0
0
0
0
0
0
0
0
2084
2065
2062
2167
0
0
0
0
0
0
0
0
0
0
0
0
0
0
0
2080
2157
0
2126
2163
0
0
0
0
0
0
0
0
0
0
2059
0
0
0
2128
2101
2139
0
2294
0
2311
0
0
0
2151
0
0
0
2303
0
0
3851
0
2120
3841
3847
0
0
2050
2155
0
0
2143
0
0
2243
0
2247
0
2195
0
2211
2076
2097
2179
0
2227
0
2054
2175
0
2171
0
2251
2323
2319
2315
2307
2299
2291
2287
2072
2093
2283
2279
2275
2271
2267
2070
2263
2259
2255
2239
2235
2231
2223
2219
2215
2207
2203
2104
2089
2199
2191
2187
2183
2147
2135
2110
2119
6211
0
0
0
0
0
0
0
0
0
0
0
0
0
0
0
0
0
0
2132
2069
2302
2167
0
0
0
0
0
0
0
0
0
0
0
0
0
0
0
2088
2157
0
2050
2163
0
0
0
0
0
0
0
0
0
0
2067
0
0
0
2084
3845
2295
0
2062
0
2311
0
0
0
2151
0
0
0
2127
0
0
3851
0
2080
2101
3843
0
0
2058
2155
0
0
2247
0
0
2131
0
2243
0
2195
0
2211
2076
2097
2179
0
2227
0
2054
2175
0
2171
0
2251
2323
2319
2315
2307
2299
2291
2287
2072
2093
2283
2279
2275
2271
2267
2114
2263
2259
2255
2239
2235
2231
2223
2219
2215
2207
2203
2104
2141
2199
2191
2187
2183
2147
2123
2138
2119
6207
0
0
0
0
0
0
0
0
0
0
0
0
0
0
0
0
0
0
0
0
0
0
2096
2301
2078
2111
0
0
0
0
0
0
0
0
0
0
0
0
0
0
0
0
0
0
0
2092
0
2113
2142
2067
0
0
0
0
0
0
0
0
0
0
0
0
0
0
0
0
0
0
2088
0
0
2293
2134
2139
0
0
0
0
0
0
0
0
0
0
0
0
0
0
0
0
0
2164
0
0
2073
2130
0
2063
0
0
0
0
0
0
0
0
0
0
0
0
0
0
0
0
2160
0
0
3845
2122
0
0
2059
0
0
0
0
0
0
0
0
0
0
0
0
0
0
0
2156
2050
0
3841
0
2310
0
0
2127
2150
0
0
3850
0
0
2154
0
0
2246
0
0
2242
0
2084
2170
0
2105
2250
0
2194
0
2210
2055
2178
0
2226
0
2174
2322
2318
2314
2306
2298
2290
2286
2282
2080
2278
2274
2101
2270
2266
2262
2258
2254
2238
2234
2230
2222
2218
2214
2206
2202
2198
2190
2186
2182
2146
2118
6167
0
0
0
0
0
0
0
0
0
0
0
0
0
0
0
0
0
0
2092
2053
2070
2167
0
0
0
0
0
0
0
0
0
0
0
0
0
0
0
2088
3849
0
2066
2163
0
0
0
0
0
0
0
0
0
0
2051
0
0
0
2084
2157
2295
0
2062
0
2139
0
0
0
2303
0
0
0
2127
0
0
3847
0
2080
2153
3843
0
0
2150
2251
0
0
2143
0
0
2131
0
2243
0
2195
0
2211
2076
2145
2179
0
2227
0
2058
2175
0
2171
0
2247
2323
2319
2315
2307
2299
2291
2287
2072
2101
2283
2279
2275
2271
2267
2118
2263
2259
2255
2239
2235
2231
2223
2219
2215
2207
2203
2104
2097
2199
2191
2187
2183
2135
2123
2310
2115
6207
0
0
0
0
0
0
0
0
0
0
0
0
0
0
0
0
0
0
0
0
0
0
2096
2117
2086
2071
0
0
0
0
0
0
0
0
0
0
0
0
0
0
0
0
0
0
0
2092
0
2149
2082
2111
0
0
0
0
0
0
0
0
0
0
0
0
0
0
0
0
0
0
2088
0
0
2293
2078
2051
0
0
0
0
0
0
0
0
0
0
0
0
0
0
0
0
0
2164
0
0
3849
2130
0
2063
0
0
0
0
0
0
0
0
0
0
0
0
0
0
0
0
2160
0
0
2073
2122
0
0
2059
0
0
0
0
0
0
0
0
0
0
0
0
0
0
0
2156
2066
0
3841
0
2138
0
0
2127
2302
0
0
3846
0
0
2250
0
0
2142
0
0
2242
0
2152
2170
0
2105
2246
0
2194
0
2210
2311
2178
0
2226
0
2174
2322
2318
2314
2306
2298
2290
2286
2282
2144
2278
2274
2101
2270
2266
2262
2258
2254
2238
2234
2230
2222
2218
2214
2206
2202
2198
2190
2186
2182
2134
2114
6151
0
0
0
0
0
0
0
0
0
0
0
0
0
0
0
0
0
0
0
0
0
0
2096
2301
2142
2115
0
0
0
0
0
0
0
0
0
0
0
0
0
0
0
0
0
0
0
2092
0
2117
2134
2071
0
0
0
0
0
0
0
0
0
0
0
0
0
0
0
0
0
0
2088
0
0
2149
2086
2139
0
0
0
0
0
0
0
0
0
0
0
0
0
0
0
0
0
2164
0
0
3849
2082
0
2067
0
0
0
0
0
0
0
0
0
0
0
0
0
0
0
0
2160
0
0
3845
2078
0
0
2063
0
0
0
0
0
0
0
0
0
0
0
0
0
0
0
2156
2058
0
2073
0
2294
0
0
2051
2126
0
0
3842
0
0
2250
0
0
2246
0
0
2130
0
2152
2170
0
2105
2242
0
2194
0
2210
2311
2178
0
2226
0
2174
2322
2318
2314
2306
2298
2290
2286
2282
2144
2278
2274
2101
2270
2266
2262
2258
2254
2238
2234
2230
2222
2218
2214
2206
2202
2198
2190
2186
2182
2122
2110
6151
0
0
0
0
0
0
0
0
0
0
0
0
0
0
0
0
0
0
0
0
0
0
0
0
0
0
2092
2153
2150
2111
0
0
0
0
0
0
0
0
0
0
0
0
0
0
0
0
0
0
0
0
0
0
0
2088
2145
0
2294
2139
0
0
0
0
0
0
0
0
0
0
0
0
0
0
0
0
0
0
0
0
0
0
2084
2141
0
0
2114
2071
0
0
0
0
0
0
0
0
0
0
0
0
0
0
0
0
0
0
0
0
0
2080
2133
0
0
3850
0
2055
0
0
0
0
0
0
0
0
0
0
0
0
0
0
0
0
0
0
0
0
2076
2129
0
0
3846
0
0
2127
0
0
0
0
0
0
0
0
0
0
0
0
0
0
0
0
0
0
0
2072
2121
0
0
3842
0
0
0
2063
0
0
0
0
0
0
0
0
0
0
2064
0
0
0
0
0
0
0
0
2105
0
0
2166
0
0
0
0
2311
0
2056
0
0
0
0
0
0
0
0
0
0
0
0
0
0
0
0
2101
0
2048
2162
0
2248
0
0
2244
2119
0
2240
0
2224
0
2172
0
2168
0
2192
0
2208
0
2176
2320
2316
2312
2304
2296
2288
2284
2280
2276
2272
2268
2264
2260
2256
2252
2236
2232
2228
2220
2216
2212
2204
2200
2196
2188
2184
2180
2097
2158
6399
0
0
0
0
0
0
0
0
0
0
0
0
0
0
0
0
0
0
0
0
0
0
0
0
0
0
0
0
0
0
0
0
0
0
0
0
0
0
0
0
0
0
0
0
0
0
0
0
0
0
0
0
0
0
0
0
0
0
0
0
0
0
0
0
0
0
0
0
0
0
0
0
0
0
0
0
0
0
0
0
0
0
0
0
0
0
0
0
0
0
0
0
0
0
0
0
0
0
0
0
0
0
0
0
0
0
0
0
0
0
0
0
0
0
0
0
0
0
0
0
0
0
0
0
0
0
0
0
0
0
0
0
0
0
0
0
0
0
0
0
0
0
0
0
0
0
0
0
0
0
0
0
0
0
0
0
0
0
0
0
0
0
0
0
0
0
0
0
0
0
0
0
0
0
0
0
0
0
0
0
0
0
0
0
0
0
0
0
0
0
0
0
0
0
0
0
0
0
0
0
0
0
0
0
0
0
0
0
0
0
0
0
0
0
0
0
0
0
0
0
0
0
0
0
0
0
0
0
0
0
0
0
0
0
0
0
0
0
0
0
0
0
0
0
0
0
0
0
0
0
0
0
0
0
0
0
0
0
0
0
0
0
0
0
0
0
0
0
0
0
0
0
0
0
0
0
0
0
0
0
0
0
0
0
0
0
0
0
0
0
0
0
0
0
0
0
0
0
0
0
0
0
0
0
0
0
0
0
0
0
0
0
0
0
0
0
0
0
0
0
0
0
0
0
0
0
0
0
0
0
0
0
0
0
0
0
0
0
0
0
0
0
0
0
0
0
0
0
0
0
0
0
0
0
0
0
0
0
0
0
0
0
0
0
0
0
0
0
0
0
0
0
0
0
0
0
0
0
0
0
0
0
0
0
0
0
0
0
0
0
0
0
0
0
0
0
0
0
0
0
0
0
0
0
0
0
0
0
0
0
0
0
0
0
0
0
0
0
0
0
0
0
0
0
0
0
0
0
0
0
0
0
0
0
0
0
0
0
0
0
0
0
0
0
0
0
0
0
0
0
0
0
0
0
0
0
0
0
0
0
0
0
0
0
0
0
0
0
0
0
0
0
0
0
0
0
0
0
0
0
0
0
0
0
0
0
0
0
0
0
0
0
0
0
0
0
0
0
0
0
0
0
0
0
0
0
0
0
0
0
0
0
0
0
0
0
0
0
0
0
0
0
0
0
0
0
0
0
0
0
0
0
0
0
0
0
0
0
0
0
0
0
0
0
0
0
0
0
0
0
0
0
0
0
0
0
0
0
0
0
0
0
0
0
0
0
0
0
0
0
0
0
0
0
0
0
0
0
0
0
0
0
0
0
0
0
0
0
0
0
0
0
0
0
0
0
0
0
0
0
0
0
0
0
0
0
0
0
0
0
0
0
0
0
0
0
0
0
0
0
0
0
0
0
0
0
0
0
0
0
0
0
0
0
0
0
0
0
0
0
0
0
0
0
0
0
0
0
0
0
0
0
0
0
0
0
0
0
0
0
0
0
0
0
0
0
0
0
0
0
0
0
0
0
0
0
0
0
0
0
0
0
0
0
0
0
0
0
0
0
0
0
0
0
0
0
0
0
0
0
0
0
0
0
0
0
0
0
0
0
0
0
0
0
0
0
0
0
0
0
0
0
0
0
0
0
0
0
0
0
0
0
0
0
0
0
0
0
0
0
0
0
0
0
0
0
0
0
0
0
0
0
0
0
0
0
0
0
0
0
0
0
0
0
0
0
0
0
0
0
0
0
0
0
0
0
0
0
0
0
0
0
0
0
0
0
0
0
0
0
0
0
0
0
0
0
0
0
0
0
0
0
0
0
0
0
0
0
0
0
0
0
0
0
0
0
0
0
0
0
0
0
0
0
0
0
0
0
0
0
0
0
0
0
0
0
0
0
0
0
0
0
0
0
0
0
0
0
0
0
0
0
0
0
0
0
0
0
0
0
0
0
0
0
0
0
0
0
0
0
0
0
0
0
0
0
0
0
0
0
0
0
0
0
0
0
0
0
0
0
0
0
0
0
0
0
0
0
0
0
0
0
0
0
0
0
0
0
0
0
0
0
0
0
0
0
0
0
0
0
0
0
0
0
0
0
0
0
0
0
0
0
0
0
0
0
0
0
0
0
0
0
0
0
0
0
0
0
0
0
0
0
0
0
0
0
0
0
0
0
0
0
0
0
0
0
0
0
0
0
0
0
0
0
0
0
0
0
0
0
0
0
0
0
0
0
0
0
0
0
0
0
0
0
0
0
0
0
0
0
0
0
0
0
0
0
0
0
0
0
0
0
0
0
0
0
0
0
0
0
0
0
0
0
0
0
0
0
0
0
0
0
0
0
0
0
0
0
0
0
0
0
0
0
0
0
0
0
0
0
0
0
0
0
0
0
0
0
0
0
0
0
0
0
0
0
0
0
0
0
0
0
0
0
0
0
0
0
0
0
0
0
0
0
0
0
0
0
0
0
0
0
0
0
0
0
0
0
0
0
0
0
0
0
0
0
0
0
0
0
0
0
0
0
0
0
0
0
0
0
0
0
0
0
0
0
0
0
0
0
0
0
0
0
0
0
0
0
0
0
0
0
0
0
0
0
0
0
0
0
0
0
0
0
0
0
0
0
0
0
0
0
0
0
0
0
0
0
0
0
0
0
0
0
0
0
0
0
0
0
0
0
0
0
0
0
0
0
0
0
0
0
0
0
0
0
0
0
0
0
0
0
0
0
0
0
0
0
0
0
0
0
0
0
0
0
0
0
0
0
0
0
0
0
0
0
0
0
0
0
0
0
0
0
0
0
0
0
0
0
0
0
0
0
0
0
0
0
0
0
0
0
0
0
0
0
0
0
0
0
0
0
0
0
0
0
0
0
0
0
0
0
0
0
0
0
0
0
0
0
0
0
0
0
0
0
0
0
0
0
0
0
0
0
0
0
0
0
0
0
0
0
0
0
0
0
0
0
0
0
0
0
0
0
0
0
0
0
0
0
0
0
0
0
0
0
0
0
0
0
0
0
0
0
0
0
0
0
0
0
0
0
0
0
0
0
0
0
0
0
0
0
0
0
0
0
0
0
0
0
0
0
0
0
0
0
0
0
0
0
0
0
0
0
0
0
0
0
0
0
0
0
0
0
0
0
0
0
0
0
0
0
0
0
0
0
0
0
0
0
0
0
0
0
0
0
0
0
0
0
0
0
0
0
0
0
0
0
0
0
0
0
0
0
0
0
0
0
0
0
0
0
0
0
0
0
0
0
0
0
0
0
0
0
0
0
0
0
0
0
0
0
0
0
0
0
0
0
0
0
0
0
0
0
0
0
0
0
0
0
0
0
0
0
0
0
0
0
0
0
0
0
0
0
0
0
0
0
0
0
0
0
0
0
0
0
0
0
0
0
0
0
0
0
0
0
0
0
0
0
0
0
0
0
0
0
0
0
0
0
0
0
0
0
0
0
0
0
0
0
0
0
0
0
0
0
0
0
0
0
0
0
0
0
0
0
0
0
0
0
0
0
0
0
0
0
0
0
0
0
0
0
0
0
0
0
0
0
0
0
0
0
0
0
0
0
0
0
0
0
0
0
0
0
0
0
0
0
0
0
0
0
0
0
0
0
0
0
0
0
0
0
0
0
0
0
0
0
0
0
0
0
0
0
0
0
0
0
0
0
0
0
0
0
0
0
0
0
0
0
0
0
0
0
0
0
0
0
0
0
0
0
0
0
0
0
0
0
0
0
0
0
0
0
0
0
0
0
0
0
0
0
0
0
0
0
0
0
0
0
0
0
0
0
0
0
0
0
0
0
0
0
0
0
0
0
0
0
0
0
0
0
0
0
0
0
0
0
0
0
0
0
0
0
0
0
0
0
0
0
0
0
0
0
0
0
0
0
0
0
0
0
0
0
0
0
0
0
0
0
0
0
0
0
0
0
0
0
0
0
0
0
0
0
0
0
0
0
0
0
0
0
0
0
0
0
0
0
0
0
0
0
0
0
0
0
0
0
0
0
0
0
0
0
0
0
0
0
0
0
0
0
0
0
0
0
0
0
0
0
0
0
0
0
0
0
0
0
0
0
0
0
0
0
0
0
0
0
0
0
0
0
0
0
0
0
0
0
0
0
0
0
0
0
0
0
0
0
0
0
0
0
0
0
0
0
0
0
0
0
0
0
0
0
0
0
0
0
0
0
0
0
0
0
0
0
0
0
0
0
0
0
0
0
0
0
0
0
0
0
0
0
0
0
0
0
0
0
0
0
0
0
0
0
0
0
0
0
0
0
0
0
0
0
0
0
0
0
0
0
0
0
0
0
0
0
0
0
0
0
0
0
0
0
0
0
0
0
0
0
0
0
0
0
0
0
0
0
0
0
0
0
0
0
0
0
0
0
0
0
0
0
0
0
0
0
0
0
0
0
0
0
0
0
0
0
0
0
0
0
0
0
0
0
0
0
0
0
0
0
0
0
0
0
0
0
0
0
0
0
0
0
0
0
0
0
0
0
0
0
0
0
0
0
0
0
0
0
0
0
0
0
0
0
0
0
0
0
0
0
0
0
0
0
0
0
0
0
0
0
0
0
0
0
0
0
0
0
0
0
0
0
0
0
0
0
0
0
0
0
0
0
0
0
0
0
0
0
0
0
0
0
0
0
0
0
0
0
0
0
0
0
0
0
0
0
0
0
0
0
0
0
0
0
0
0
0
0
0
0
0
0
0
0
0
0
0
0
0
0
0
0
0
0
0
0
0
0
0
0
0
0
0
0
0
0
0
0
0
0
0
0
0
0
0
0
0
0
0
0
0
0
0
0
0
0
0
0
0
0
0
0
0
0
0
0
0
0
0
0
0
0
0
0
0
0
0
0
0
0
0
0
0
0
0
0
0
0
0
0
0
0
0
0
0
0
0
0
0
0
0
0
0
0
0
0
0
0
0
0
0
0
0
0
0
0
0
0
0
0
0
0
0
0
0
0
0
0
0
0
0
0
0
0
0
0
0
0
0
0
0
0
0
0
0
0
0
0
0
0
0
0
0
0
0
0
0
0
0
0
0
0
0
0
0
0
0
0
0
0
0
0
0
0
0
0
0
0
0
0
0
0
0
0
0
0
0
0
0
0
0
0
0
0
0
0
0
0
0
0
0
0
0
0
0
0
0
0
0
0
0
0
0
0
0
0
0
0
0
0
0
0
0
0
0
0
0
0
0
0
0
0
0
0
0
0
0
0
0
0
0
0
0
0
0
0
0
0
0
0
0
0
0
0
0
0
0
0
0
0
0
0
0
0
0
0
0
0
0
0
0
0
0
0
0
0
0
0
0
0
0
0
0
0
0
0
0
0
0
0
0
0
0
0
0
0
0
0
0
0
0
0
0
0
0
0
0
0
0
0
0
0
0
0
0
0
0
0
0
0
0
0
0
0
0
0
0
0
0
0
0
0
0
0
0
0
0
0
0
0
0
0
0
0
0
0
0
0
0
0
0
0
0
0
0
0
0
0
0
0
0
0
0
0
0
0
0
0
0
0
0
0
0
0
0
0
0
0
0
0
0
0
0
0
0
0
0
0
0
0
0
0
0
0
0
0
0
0
0
0
0
0
0
0
0
0
0
0
0
0
0
0
0
0
0
0
0
0
0
0
0
0
0
0
0
0
0
0
0
0
0
0
0
0
0
0
0
0
0
0
0
0
0
0
0
0
0
0
0
0
0
0
0
0
0
0
0
0
0
0
0
0
0
0
0
0
0
0
0
0
0
0
0
0
0
0
0
0
0
0
0
0
0
0
0
0
0
0
0
0
0
0
0
0
0
0
0
0
0
0
0
0
0
0
0
0
0
0
0
0
0
0
0
0
0
0
0
0
0
0
0
0
0
0
0
0
0
0
0
0
0
0
0
0
0
0
0
0
0
0
0
0
0
0
0
0
0
0
0
0
0
0
0
0
0
0
0
0
0
0
0
0
0
0
0
0
0
0
0
0
0
0
0
0
0
0
0
0
0
0
0
0
0
0
0
0
0
0
0
0
0
0
0
0
0
0
0
0
0
0
0
0
0
0
0
0
0
