fp
-2.33814930e+02
-2.29374227e+02
-2.24933524e+02
-2.20492821e+02
-2.16052118e+02
-2.11611414e+02
-2.07170711e+02
-2.02730008e+02
-1.98289305e+02
-1.93848602e+02
-1.89407899e+02
-1.84967196e+02
-1.80526493e+02
-1.76085789e+02
-1.71645086e+02
-1.67204383e+02
-1.62763680e+02
-1.58322977e+02
-1.53882274e+02
-1.49441571e+02
-1.45000868e+02
-1.40560165e+02
-1.36119461e+02
-1.31678758e+02
-1.27238055e+02
-1.22797352e+02
-1.18356649e+02
-1.13915946e+02
-1.09475243e+02
-1.05034540e+02
-1.00593837e+02
-9.61531334e+01
-9.17124303e+01
-8.72717272e+01
-8.28310241e+01
-7.83903210e+01
-7.39496178e+01
-6.95089147e+01
-6.50682116e+01
-6.06275085e+01
-5.61868054e+01
-5.17461023e+01
-4.73053992e+01
-4.28646960e+01
-3.84239929e+01
-3.39832898e+01
-2.95425867e+01
-2.51018836e+01
-2.06611805e+01
-1.62204773e+01
-1.17797742e+01
-7.33907111e+00
-2.89836800e+00
-5.59806359e-01
-5.56957472e-01
-5.54108584e-01
-5.51259697e-01
-5.48410810e-01
-5.45561922e-01
-5.42713035e-01
-5.39864148e-01
-5.37015260e-01
-5.34166373e-01
-5.31317486e-01
-5.28468598e-01
-5.25619711e-01
-5.22770824e-01
-5.19921937e-01
-5.17073049e-01
-5.14224162e-01
-5.11375275e-01
-5.08526387e-01
-5.05677500e-01
-5.02828613e-01
-4.99979725e-01
-4.97130838e-01
-4.94281951e-01
-4.91433063e-01
-4.88584176e-01
-4.85735289e-01
-4.82886401e-01
-4.80037514e-01
-4.77188627e-01
-4.74339739e-01
-4.71490852e-01
-4.68641965e-01
-4.65793077e-01
-4.62944190e-01
-4.60095303e-01
-4.57246415e-01
-4.54397528e-01
-4.51548641e-01
-4.48699753e-01
-4.45850866e-01
-4.43001979e-01
-4.40153091e-01
-4.37304204e-01
-4.34455317e-01
-4.31606429e-01
-4.28757542e-01
-4.25908655e-01
-4.23059768e-01
-4.20210880e-01
-4.17361993e-01
-4.14513106e-01
-4.11664218e-01
-4.08815331e-01
-4.05966444e-01
-4.03117556e-01
-4.00268669e-01
-3.97419782e-01
-3.94570894e-01
-3.91722007e-01
-3.88873120e-01
-3.86024232e-01
-3.83175345e-01
-3.80326458e-01
-3.77477570e-01
-3.74628683e-01
-3.71779796e-01
-3.68930908e-01
-3.66082021e-01
-3.63233134e-01
-3.60384246e-01
-3.57535359e-01
-3.54686472e-01
-3.51837584e-01
-3.48988697e-01
-3.46139810e-01
-3.43290922e-01
-3.40442035e-01
-3.37593148e-01
-3.34744260e-01
-3.31895373e-01
-3.29046486e-01
-3.26197599e-01
-3.23348711e-01
-3.20499824e-01
-3.17650937e-01
-3.14802049e-01
-3.11953162e-01
-3.09104275e-01
-3.06255387e-01
-3.03406500e-01
-3.00557613e-01
-2.97708725e-01
-2.94859838e-01
-2.92010951e-01
-2.89162063e-01
-2.86313176e-01
-2.83464289e-01
-2.80615401e-01
-2.77766514e-01
-2.74917627e-01
-2.72068739e-01
-2.69219852e-01
-2.66370965e-01
-2.63522077e-01
-2.60673190e-01
-2.57824303e-01
-2.54975415e-01
-2.52126528e-01
-2.49277641e-01
-2.46428753e-01
-2.43579866e-01
-2.40730979e-01
-2.37882092e-01
-2.35033204e-01
-2.32184317e-01
-2.29335430e-01
-2.26486542e-01
-2.23637655e-01
-2.20788768e-01
-2.17939880e-01
-2.15090993e-01
-2.12242106e-01
-2.09393218e-01
-2.06544331e-01
-2.03695444e-01
-2.00846556e-01
-1.97997669e-01
-1.95148782e-01
-1.92299894e-01
-1.89451007e-01
-1.86602120e-01
-1.83753232e-01
-1.80904345e-01
-1.78055458e-01
-1.75206570e-01
-1.72357683e-01
-1.69508796e-01
-1.66659908e-01
-1.63811021e-01
-1.60962134e-01
-1.58113246e-01
-1.55264359e-01
-1.52415472e-01
-1.49566584e-01
-1.46717697e-01
-1.43868810e-01
-1.41019923e-01
-1.38171035e-01
-1.35322148e-01
-1.32473261e-01
-1.29624373e-01
-1.26775486e-01
-1.23926599e-01
-1.21077711e-01
-1.18228824e-01
-1.15379937e-01
-1.12531049e-01
-1.09682162e-01
-1.06833275e-01
-1.03984387e-01
-1.01135500e-01
-9.82866127e-02
-9.54377253e-02
-9.25888380e-02
-8.97399507e-02
-8.68910634e-02
-8.40421760e-02
-8.11932887e-02
-7.83444014e-02
-7.54955141e-02
-7.26466267e-02
-6.97977394e-02
-6.69488521e-02
-6.40999648e-02
-6.12510775e-02
-5.84021901e-02
-5.55533028e-02
-5.27044155e-02
-4.98555282e-02
-4.70066408e-02
-4.41577535e-02
-4.13088662e-02
-3.84599789e-02
-3.56110915e-02
-3.27622042e-02
-2.99133169e-02
-2.70644296e-02
-2.42155422e-02
-2.13666549e-02
-1.85177676e-02
-1.56688803e-02
-1.28199930e-02
-9.97110563e-03
-7.12221831e-03
-4.27333099e-03
-1.42444366e-03
1.42444366e-03
4.27333099e-03
7.12221831e-03
9.97110563e-03
1.28199930e-02
1.56688803e-02
1.85177676e-02
2.13666549e-02
2.42155422e-02
2.70644296e-02
2.99133169e-02
3.27622042e-02
3.56110915e-02
3.84599789e-02
4.13088662e-02
4.41577535e-02
4.70066408e-02
4.98555282e-02
5.27044155e-02
5.55533028e-02
5.84021901e-02
6.12510775e-02
6.40999648e-02
6.69488521e-02
6.97977394e-02
7.26466267e-02
7.54955141e-02
7.83444014e-02
8.11932887e-02
8.40421760e-02
8.68910634e-02
8.97399507e-02
9.25888380e-02
9.54377253e-02
9.82866127e-02
1.01135500e-01
1.03984387e-01
1.06833275e-01
1.09682162e-01
1.12531049e-01
1.15379937e-01
1.18228824e-01
1.21077711e-01
1.23926599e-01
1.26775486e-01
1.29624373e-01
1.32473261e-01
1.35322148e-01
1.38171035e-01
1.41019923e-01
1.43868810e-01
1.46717697e-01
1.49566584e-01
1.52415472e-01
1.55264359e-01
1.58113246e-01
1.60962134e-01
1.63811021e-01
1.66659908e-01
1.69508796e-01
1.72357683e-01
1.75206570e-01
1.78055458e-01
1.80904345e-01
1.83753232e-01
1.86602120e-01
1.89451007e-01
1.92299894e-01
1.95148782e-01
1.97997669e-01
2.00846556e-01
2.03695444e-01
2.06544331e-01
2.09393218e-01
2.12242106e-01
2.15090993e-01
2.17939880e-01
2.20788768e-01
2.23637655e-01
2.26486542e-01
2.29335430e-01
2.32184317e-01
2.35033204e-01
2.37882092e-01
2.40730979e-01
2.43579866e-01
2.46428753e-01
2.49277641e-01
2.52126528e-01
2.54975415e-01
2.57824303e-01
2.60673190e-01
2.63522077e-01
2.66370965e-01
2.69219852e-01
2.72068739e-01
2.74917627e-01
2.77766514e-01
2.80615401e-01
2.83464289e-01
2.86313176e-01
2.89162063e-01
2.92010951e-01
2.94859838e-01
2.97708725e-01
3.00557613e-01
3.03406500e-01
3.06255387e-01
3.09104275e-01
3.11953162e-01
3.14802049e-01
3.17650937e-01
3.20499824e-01
3.23348711e-01
3.26197599e-01
3.29046486e-01
3.31895373e-01
3.34744260e-01
3.37593148e-01
3.40442035e-01
3.43290922e-01
3.46139810e-01
3.48988697e-01
3.51837584e-01
3.54686472e-01
3.57535359e-01
3.60384246e-01
3.63233134e-01
3.66082021e-01
3.68930908e-01
3.71779796e-01
3.74628683e-01
3.77477570e-01
3.80326458e-01
3.83175345e-01
3.86024232e-01
3.88873120e-01
3.91722007e-01
3.94570894e-01
3.97419782e-01
4.00268669e-01
4.03117556e-01
4.05966444e-01
4.08815331e-01
4.11664218e-01
4.14513106e-01
4.17361993e-01
4.20210880e-01
4.23059768e-01
4.25908655e-01
4.28757542e-01
4.31606429e-01
4.34455317e-01
4.37304204e-01
4.40153091e-01
4.43001979e-01
4.45850866e-01
4.48699753e-01
4.51548641e-01
4.54397528e-01
4.57246415e-01
4.60095303e-01
4.62944190e-01
4.65793077e-01
4.68641965e-01
4.71490852e-01
4.74339739e-01
4.77188627e-01
4.80037514e-01
4.82886401e-01
4.85735289e-01
4.88584176e-01
4.91433063e-01
4.94281951e-01
4.97130838e-01
4.99979725e-01
5.02828613e-01
5.05677500e-01
5.08526387e-01
5.11375275e-01
5.14224162e-01
5.17073049e-01
5.19921937e-01
5.22770824e-01
5.25619711e-01
5.28468598e-01
5.31317486e-01
5.34166373e-01
5.37015260e-01
5.39864148e-01
5.42713035e-01
5.45561922e-01
5.48410810e-01
5.51259697e-01
5.54108584e-01
5.56957472e-01
5.59806359e-01
2.89836800e+00
7.33907111e+00
1.17797742e+01
1.62204773e+01
2.06611805e+01
2.51018836e+01
2.95425867e+01
3.39832898e+01
3.84239929e+01
4.28646960e+01
4.73053992e+01
5.17461023e+01
5.61868054e+01
6.06275085e+01
6.50682116e+01
6.95089147e+01
7.39496178e+01
7.83903210e+01
8.28310241e+01
8.72717272e+01
9.17124303e+01
9.61531334e+01
1.00593837e+02
1.05034540e+02
1.09475243e+02
1.13915946e+02
1.18356649e+02
1.22797352e+02
1.27238055e+02
1.31678758e+02
1.36119461e+02
1.40560165e+02
1.45000868e+02
1.49441571e+02
1.53882274e+02
1.58322977e+02
1.62763680e+02
1.67204383e+02
1.71645086e+02
1.76085789e+02
1.80526493e+02
1.84967196e+02
1.89407899e+02
1.93848602e+02
1.98289305e+02
2.02730008e+02
2.07170711e+02
2.11611414e+02
2.16052118e+02
2.20492821e+02
2.24933524e+02
2.29374227e+02
2.33814930e+02
