int
0
0
0
0
0
0
0
0
0
3907
0
0
0
0
0
3113
2092
2078
0
3103
0
0
0
0
0
0
0
0
0
3099
0
2169
0
2148
0
2142
0
0
0
3095
0
0
0
0
0
0
0
2125
0
3091
3108
0
0
2054
0
0
0
0
0
3087
0
0
0
2121
0
0
0
3104
0
3083
2146
0
0
0
0
0
0
0
0
2117
3079
0
0
2108
0
0
0
2062
0
0
3075
0
0
0
0
2113
0
0
0
2104
2163
0
0
0
2086
0
0
0
2057
0
2159
0
0
0
0
2172
0
0
0
0
2155
2049
3866
0
0
0
2211
0
0
0
0
3860
2179
0
2089
0
0
0
2195
2070
0
2307
0
0
2203
0
0
3856
2081
2299
0
0
2187
0
0
2315
2166
0
2219
0
2259
2073
2227
3124
2243
2331
2327
2323
2319
2311
2303
2295
2291
2102
2065
2287
2283
2279
2275
3120
2271
2267
2263
2255
3913
2251
2247
2239
2235
2231
2098
2223
2215
2207
3909
3116
2199
2191
2183
2139
2135
6227
0
0
0
0
0
0
0
0
0
0
0
0
0
0
0
0
0
0
0
0
0
0
0
0
0
0
2100
3093
3910
2055
0
0
0
0
0
0
0
0
0
0
0
0
0
0
0
0
0
0
0
0
0
0
0
2096
3089
3906
0
2079
0
0
0
0
0
0
0
0
0
0
0
0
0
0
0
0
0
0
0
0
0
0
2116
3085
3866
0
0
2075
0
0
0
0
0
0
0
0
0
0
0
0
0
0
0
0
0
0
0
0
0
2112
3081
3862
0
0
0
2071
0
0
0
0
0
0
0
0
0
0
0
0
0
0
0
0
0
0
0
0
2172
3077
3858
0
0
0
0
2067
0
0
0
0
0
0
0
0
0
0
0
0
0
0
0
0
0
0
0
2168
3073
3126
0
0
0
0
0
2063
0
0
0
0
0
0
0
0
0
0
0
0
0
0
0
0
0
0
2164
2161
3122
0
0
0
0
0
0
2051
0
0
0
0
0
0
0
0
0
0
0
0
0
0
0
0
2120
0
2157
3118
0
0
0
0
0
0
0
2143
0
0
0
0
0
0
0
0
0
0
0
0
0
0
2124
0
0
2153
3114
0
0
0
0
0
0
0
0
2056
2095
0
0
0
0
0
0
0
0
0
0
0
2080
0
0
0
2149
3110
0
0
0
0
0
2208
0
0
0
0
2091
0
0
0
0
0
2176
0
0
0
0
0
0
0
2272
2145
3106
0
0
0
0
0
2296
0
0
0
0
0
2131
0
2320
0
0
0
0
0
0
0
2184
0
0
0
2109
3102
2192
0
0
2216
0
0
2304
0
0
2200
0
0
2312
2087
2240
0
2256
0
2224
2328
2324
2316
2308
2300
2292
2288
2284
2280
2276
2268
2264
2260
2252
2248
2244
2236
2232
2228
2220
2212
2204
2196
2188
2180
2136
2132
2105
3098
8011
0
0
0
0
0
0
0
0
0
0
0
0
0
0
0
0
0
0
0
0
0
0
0
0
0
3912
2113
2050
2163
0
0
0
0
0
0
0
0
0
0
0
0
0
0
0
0
0
0
0
0
0
0
3908
0
3857
2159
2058
0
0
0
0
0
0
0
0
0
0
0
0
0
0
0
0
0
0
0
0
0
3904
0
0
3125
2155
0
2082
0
0
0
0
0
0
0
0
0
0
0
0
0
0
0
0
0
0
0
3860
0
0
0
3121
2111
0
0
2078
0
0
0
0
0
0
0
0
0
0
0
0
0
0
0
0
0
3116
0
0
0
0
2149
2107
0
0
0
2142
0
0
0
0
0
0
0
0
0
0
0
0
0
0
0
3112
0
0
0
0
0
2145
2127
0
0
0
0
2074
0
0
0
0
0
0
0
0
0
0
0
0
0
3100
0
0
0
0
0
0
3109
2123
0
0
0
0
0
2070
0
0
0
0
0
0
0
0
0
0
0
3096
0
0
0
0
0
0
0
3105
2171
0
0
0
0
0
0
2054
0
0
0
0
0
2067
0
0
0
3092
0
0
0
0
0
0
0
0
2061
2091
0
0
0
0
0
0
0
2094
0
0
2195
0
0
0
0
3088
0
0
0
0
0
2179
0
0
0
2133
0
0
0
2203
0
0
0
0
2166
0
0
2327
0
0
0
3084
0
0
0
2283
0
0
0
0
0
0
2085
2307
0
0
0
0
0
2211
0
2098
2219
0
0
2187
0
3080
2299
0
0
2315
0
2243
0
2259
0
2227
2331
2173
2323
2319
2311
2303
2295
2291
2287
2279
2118
2275
2271
2267
2263
3076
2255
2251
2247
2239
2235
2231
2223
2215
2207
2199
2191
2183
2101
2139
2131
0
0
0
0
0
0
3866
0
0
0
7168
0
0
0
0
0
0
0
0
0
0
0
0
0
0
0
0
0
0
0
0
0
0
0
0
0
3084
2101
3906
2091
0
0
0
0
0
0
0
0
0
0
0
0
0
0
0
0
0
0
0
0
0
0
3080
0
2097
3866
0
2087
0
0
0
0
0
0
0
0
0
0
0
0
0
0
0
0
0
0
0
0
2160
0
0
3077
3862
0
0
2083
0
0
0
0
0
0
0
0
0
0
0
0
0
0
0
0
0
0
2112
0
0
0
3073
2166
0
0
0
2079
0
0
0
0
0
0
0
0
0
0
0
0
0
0
0
0
2124
0
0
0
0
2121
2106
0
0
0
0
2059
0
0
0
0
0
0
0
0
0
0
0
0
0
0
2116
0
0
0
0
0
2093
2158
0
0
0
0
0
2055
0
0
0
0
0
0
0
0
0
0
0
0
2172
0
0
0
0
0
0
2069
3118
0
0
0
0
0
0
2147
0
0
0
2072
0
0
0
0
0
0
0
0
0
0
0
0
0
0
2109
3114
0
0
2048
0
0
0
0
2143
0
0
0
0
0
0
0
0
0
2208
0
0
0
0
0
0
3913
0
3110
0
0
0
0
0
2192
0
0
2067
0
0
0
0
0
0
0
0
2272
0
0
0
0
0
3857
0
0
3106
0
0
2324
0
0
0
0
0
0
2135
0
0
0
0
2320
0
0
0
0
0
0
0
3125
0
0
0
2176
2154
0
0
0
0
0
0
0
0
0
2131
2200
0
0
0
0
0
0
0
0
0
3121
0
2280
0
0
0
2150
0
0
0
0
0
0
0
2304
0
0
2063
0
0
0
0
0
0
0
0
2184
3101
0
0
0
0
0
3094
0
0
0
0
2296
0
0
2312
0
0
2216
2171
2224
0
2240
0
2256
2328
2316
2308
2300
2292
2288
2284
2276
2268
2264
2260
2252
2248
2244
2236
2232
2228
2220
2212
2204
2196
2188
2180
2136
3097
3090
8007
0
0
0
0
0
0
0
0
0
0
0
0
0
0
0
0
0
0
0
0
0
0
0
0
0
3912
3861
2090
2163
0
0
0
0
0
0
0
0
0
0
0
0
0
0
0
0
0
0
0
0
0
0
3908
0
2069
2159
2086
0
0
0
0
0
0
0
0
0
0
0
0
0
0
0
0
0
0
0
0
0
3904
0
0
2149
2155
0
2082
0
0
0
0
0
0
0
0
0
0
0
0
0
0
0
0
0
0
0
3856
0
0
0
2145
2119
0
0
2078
0
0
0
0
0
0
0
0
0
0
0
0
0
0
0
0
0
3124
0
0
0
0
3117
2115
0
0
0
2142
0
0
0
0
0
0
0
0
0
0
0
0
0
0
0
3120
0
0
0
0
0
3113
2127
0
0
0
0
2058
0
0
0
0
0
0
0
0
0
0
0
0
0
3100
0
0
0
0
0
0
3109
2123
0
0
0
0
0
2054
0
0
0
0
0
0
0
0
0
0
0
3096
0
0
0
0
0
0
0
3105
2175
0
0
0
0
0
0
2066
0
0
0
0
0
2051
0
0
0
3092
0
0
0
0
0
0
0
0
2137
2075
0
0
0
0
0
0
0
2062
0
0
2211
0
0
0
0
3088
0
0
0
0
0
2195
0
0
0
2109
0
0
0
2331
0
0
0
0
2166
0
0
2315
0
0
0
3084
0
0
0
2219
0
0
0
0
0
0
2105
2291
0
0
0
0
0
2179
0
2098
2307
0
0
2187
0
3080
2299
0
0
2203
0
2243
0
2259
0
2227
2327
2101
2323
2319
2311
2303
2295
2287
2283
2279
2094
2275
2271
2267
2263
3076
2255
2251
2247
2239
2235
2231
2223
2215
2207
2199
2191
2183
2169
2135
2131
0
0
0
0
0
0
3866
0
0
0
7168
0
0
0
0
0
0
0
0
0
0
0
0
0
0
0
0
0
0
0
0
0
0
0
0
0
3084
2101
3906
2051
0
0
0
0
0
0
0
0
0
0
0
0
0
0
0
0
0
0
0
0
0
0
3080
0
2125
3866
0
2059
0
0
0
0
0
0
0
0
0
0
0
0
0
0
0
0
0
0
0
0
2156
0
0
3077
2166
0
0
2083
0
0
0
0
0
0
0
0
0
0
0
0
0
0
0
0
0
0
2104
0
0
0
3073
3858
0
0
0
2079
0
0
0
0
0
0
0
0
0
0
0
0
0
0
0
0
2120
0
0
0
0
2097
3126
0
0
0
0
2075
0
0
0
0
0
0
0
0
0
0
0
0
0
0
2108
0
0
0
0
0
2117
3122
0
0
0
0
0
2151
0
0
0
0
0
0
0
0
0
0
0
0
2168
0
0
0
0
0
0
2113
2162
0
0
0
0
0
0
2071
0
0
0
2088
0
0
0
0
0
0
0
0
0
0
0
0
0
0
2173
2086
0
0
2064
0
0
0
0
2143
0
0
0
0
0
0
0
0
0
2192
0
0
0
0
0
0
3909
0
3110
0
0
0
0
0
2176
0
0
2139
0
0
0
0
0
0
0
0
2328
0
0
0
0
0
3861
0
0
3106
0
0
2272
0
0
0
0
0
0
2055
0
0
0
0
2320
0
0
0
0
0
0
0
3117
0
0
0
2288
3102
0
0
0
0
0
0
0
0
0
2131
2312
0
0
0
0
0
0
0
0
0
3113
0
2208
0
0
0
3098
0
0
0
0
0
0
0
2216
0
0
2095
0
0
0
0
0
0
0
0
2184
3093
0
0
0
0
0
2154
0
0
0
0
2296
0
0
2200
0
0
2304
3915
2224
0
2240
0
2256
2324
2316
2308
2300
2292
2284
2280
2276
2268
2264
2260
2252
2248
2244
2236
2232
2228
2220
2212
2204
2196
2188
2180
2132
3089
2146
6159
0
0
0
0
0
0
0
0
0
0
0
0
0
0
0
0
0
0
0
0
0
0
0
0
0
0
2112
3097
2074
2071
0
0
0
0
0
0
0
0
0
0
0
0
0
0
0
0
0
0
0
0
0
0
0
2108
3093
3914
0
2067
0
0
0
0
0
0
0
0
0
0
0
0
0
0
0
0
0
0
0
0
0
0
2104
3089
3910
0
0
2063
0
0
0
0
0
0
0
0
0
0
0
0
0
0
0
0
0
0
0
0
0
2100
3085
3906
0
0
0
2051
0
0
0
0
0
0
0
0
0
0
0
0
0
0
0
0
0
0
0
0
2172
3081
3866
0
0
0
0
2095
0
0
0
0
0
0
0
0
0
0
0
0
0
0
0
0
0
0
0
2168
3077
3862
0
0
0
0
0
2151
0
0
0
0
0
0
0
0
0
0
0
0
0
0
0
0
0
0
2164
3073
3858
0
0
0
0
0
0
2147
0
0
0
0
0
0
0
0
0
2080
0
0
0
0
0
0
0
0
2161
3126
0
0
0
0
0
0
0
2143
2056
0
0
0
0
0
0
0
0
0
0
0
0
0
0
2208
0
2157
3122
0
0
0
0
0
0
0
0
2139
0
0
2176
0
0
0
0
0
0
0
0
0
0
0
2328
0
2153
3118
0
0
0
0
0
0
0
0
2324
2135
0
0
0
0
0
0
0
0
0
0
2200
0
0
0
0
2097
3114
0
0
0
0
0
2288
0
0
0
0
2091
0
0
0
0
0
0
2312
0
0
0
0
0
0
0
2125
3110
0
0
2192
0
0
0
0
0
0
0
0
2087
0
0
2304
0
0
0
0
0
0
0
0
0
0
2121
2280
3106
0
0
0
0
0
0
0
0
0
0
2216
2055
0
2296
0
0
2184
0
2224
0
2240
0
2256
2320
2316
2308
2300
2292
2284
2276
2272
2268
2264
2260
2252
2248
2244
2236
2232
2228
2220
2212
2204
2196
2188
2180
2128
2117
3102
6175
0
0
0
0
0
0
0
0
0
0
0
0
0
0
0
0
0
0
0
0
0
0
0
0
2127
3100
3105
2078
0
0
0
0
0
0
0
0
0
0
0
0
0
0
0
0
2067
0
0
0
0
0
0
3096
0
2085
0
2054
0
0
0
0
0
0
0
2083
0
0
0
0
0
0
0
0
0
0
0
0
0
3092
0
0
2069
0
2075
2130
0
0
0
0
0
0
0
0
0
0
0
0
0
0
0
0
0
2059
0
3088
0
0
0
2153
0
0
0
2142
0
0
0
0
0
0
0
0
2051
0
0
0
0
0
0
0
0
2112
0
0
0
0
2149
0
0
0
3078
2091
0
0
0
0
0
0
0
0
0
0
0
0
0
0
0
2172
2331
0
0
0
0
2145
0
0
0
3074
0
0
0
0
0
0
2327
0
0
0
0
0
0
0
0
2168
0
0
0
0
0
0
2137
2323
0
0
3906
0
0
0
0
0
0
0
0
0
0
0
0
2283
0
2160
0
0
0
0
0
0
3913
0
0
0
0
3866
0
2315
0
0
0
0
0
0
0
0
0
0
0
2156
0
0
0
2187
0
0
3909
0
0
0
0
0
2134
0
0
0
0
0
0
2307
0
0
0
0
0
2108
0
0
0
0
0
0
3861
0
0
2275
0
0
0
2102
0
0
0
0
0
0
0
0
0
0
0
2104
2299
0
0
0
0
0
3857
0
0
0
0
0
0
0
2098
0
2203
0
0
0
0
0
0
0
0
2116
0
0
0
0
0
0
3125
2291
0
0
0
0
0
0
0
2094
0
0
0
0
0
0
0
2219
3084
0
0
0
0
0
0
0
3121
0
0
0
0
2195
0
0
0
0
2062
0
0
0
0
0
0
3080
0
2179
0
0
0
0
0
0
3117
0
0
0
0
0
0
2211
0
2259
0
2166
2227
0
2243
2319
2120
2311
2303
2295
2287
2279
2271
2267
2263
2255
3113
2251
2247
2239
2235
2231
2223
2215
2207
2199
2191
2183
7206
0
0
0
0
0
0
0
0
0
0
0
0
0
0
0
0
0
0
0
0
0
0
0
0
0
0
0
0
0
0
0
0
0
0
0
0
0
0
0
0
0
0
0
0
0
0
0
0
0
0
0
0
0
0
0
0
0
0
0
0
0
0
0
0
0
0
0
0
0
0
0
0
0
0
0
0
0
0
0
0
0
0
0
0
0
0
0
0
0
0
0
0
0
0
0
0
0
0
0
0
0
0
0
0
0
0
0
0
0
0
0
0
0
0
0
0
0
0
0
0
0
0
0
0
0
0
0
0
0
0
0
0
0
0
0
0
0
0
0
0
0
0
0
0
0
0
0
0
0
0
0
0
0
0
0
0
0
0
0
0
0
0
0
0
0
0
0
0
0
0
0
0
0
0
0
0
0
0
0
0
0
0
0
0
0
0
0
0
0
0
0
0
0
0
0
0
0
0
0
0
0
0
0
0
0
0
0
0
0
0
0
0
0
0
0
0
0
0
0
0
0
0
0
0
0
0
0
0
0
0
0
0
0
0
0
0
0
0
0
0
0
0
0
0
0
0
0
0
0
0
0
0
0
0
0
0
0
0
0
0
0
0
0
0
0
0
0
0
0
0
0
0
0
0
0
0
0
0
0
0
0
0
0
0
0
0
0
0
0
0
0
0
0
0
0
0
0
0
0
0
0
0
0
0
0
0
0
0
0
0
0
0
0
0
0
0
0
0
0
0
0
0
0
0
0
0
0
0
0
0
0
0
0
0
0
0
0
0
0
0
0
0
0
0
0
0
0
0
0
0
0
0
0
0
0
0
0
0
0
0
0
0
0
0
0
0
0
0
0
0
0
0
0
0
0
0
0
0
0
0
0
0
0
0
0
0
0
0
0
0
0
0
0
0
0
0
0
0
0
0
0
0
0
0
0
0
0
0
0
0
0
0
0
0
0
0
0
0
0
0
0
0
0
0
0
0
0
0
0
0
0
0
0
0
0
0
0
0
0
0
0
0
0
0
0
0
0
0
0
0
0
0
0
0
0
0
0
0
0
0
0
0
0
0
0
0
0
0
0
0
0
0
0
0
0
0
0
0
0
0
0
0
0
0
0
0
0
0
0
0
0
0
0
0
0
0
0
0
0
0
0
0
0
0
0
0
0
0
0
0
0
0
0
0
0
0
0
0
0
0
0
0
0
0
0
0
0
0
0
0
0
0
0
0
0
0
0
0
0
0
0
0
0
0
0
0
0
0
0
0
0
0
0
0
0
0
0
0
0
0
0
0
0
0
0
0
0
0
0
0
0
0
0
0
0
0
0
0
0
0
0
0
0
0
0
0
0
0
0
0
0
0
0
0
0
0
0
0
0
0
0
0
0
0
0
0
0
0
0
0
0
0
0
0
0
0
0
0
0
0
0
0
0
0
0
0
0
0
0
0
0
0
0
0
0
0
0
0
0
0
0
0
0
0
0
0
0
0
0
0
0
0
0
0
0
0
0
0
0
0
0
0
0
0
0
0
0
0
0
0
0
0
0
0
0
0
0
0
0
0
0
0
0
0
0
0
0
0
0
0
0
0
0
0
0
0
0
0
0
0
0
0
0
0
0
0
0
0
0
0
0
0
0
0
0
0
0
0
0
0
0
0
0
0
0
0
0
0
0
0
0
0
0
0
0
0
0
0
0
0
0
0
0
0
0
0
0
0
0
0
0
0
0
0
0
0
0
0
0
0
0
0
0
0
0
0
0
0
0
0
0
0
0
0
0
0
0
0
0
0
0
0
0
0
0
0
0
0
0
0
0
0
0
0
0
0
0
0
0
0
0
0
0
0
0
0
0
0
0
0
0
0
0
0
0
0
0
0
0
0
0
0
0
0
0
0
0
0
0
0
0
0
0
0
0
0
0
0
0
0
0
0
0
0
0
0
0
0
0
0
0
0
0
0
0
0
0
0
0
0
0
0
0
0
0
0
0
0
0
0
0
0
0
0
0
0
0
0
0
0
0
0
0
0
0
0
0
0
0
0
0
0
0
0
0
0
0
0
0
0
0
0
0
0
0
0
0
0
0
0
0
0
0
0
0
0
0
0
0
0
0
0
0
0
0
0
0
0
0
0
0
0
0
0
0
0
0
0
0
0
0
0
0
0
0
0
0
0
0
0
0
0
0
0
0
0
0
0
0
0
0
0
0
0
0
0
0
0
0
0
0
0
0
0
0
0
0
0
0
0
0
0
0
0
0
0
0
0
0
0
0
0
0
0
0
0
0
0
0
0
0
0
0
0
0
0
0
0
0
0
0
0
0
0
0
0
0
0
0
0
0
0
0
0
0
0
0
0
0
0
0
0
0
0
0
0
0
0
0
0
0
0
0
0
0
0
0
0
0
0
0
0
0
0
0
0
0
0
0
0
0
0
0
0
0
0
0
0
0
0
0
0
0
0
0
0
0
0
0
0
0
0
0
0
0
0
0
0
0
0
0
0
0
0
0
0
0
0
0
0
0
0
0
0
0
0
0
0
0
0
0
0
0
0
0
0
0
0
0
0
0
0
0
0
0
0
0
0
0
0
0
0
0
0
0
0
0
0
0
0
0
0
0
0
0
0
0
0
0
0
0
0
0
0
0
0
0
0
0
0
0
0
0
0
0
0
0
0
0
0
0
0
0
0
0
0
0
0
0
0
0
0
0
0
