int
0
0
0
0
0
0
0
0
0
0
0
0
0
0
0
0
0
0
0
0
0
0
0
0
2083
0
0
0
0
0
0
3138
2236
0
2229
0
0
0
0
0
0
0
0
2103
0
0
0
0
0
0
0
0
0
0
0
0
0
0
0
0
0
2119
0
3126
0
2232
0
0
0
2077
0
0
0
0
0
0
0
0
0
2279
0
0
0
0
0
0
0
0
0
0
0
0
0
0
0
3122
0
2111
2224
0
0
0
0
0
2053
0
0
0
0
0
0
0
0
0
0
2175
0
0
0
0
0
0
0
0
0
0
0
3118
0
0
0
2220
0
2171
0
0
0
0
0
2217
0
0
0
0
0
0
0
0
0
0
0
3079
0
0
0
0
0
0
0
3114
0
0
0
0
2084
0
0
0
0
3075
0
0
0
3897
0
0
0
0
0
0
0
0
0
0
0
0
2283
0
0
0
0
2142
0
0
0
0
0
2068
0
0
0
0
0
2191
0
0
0
3109
0
0
0
0
0
0
0
0
0
0
0
0
2187
0
0
2274
0
0
0
0
0
3892
0
0
0
0
0
0
0
2243
0
0
0
3105
0
0
0
0
0
0
0
0
0
0
0
0
2183
2270
0
0
0
0
0
3888
0
0
0
0
0
0
0
0
0
2179
0
0
0
3865
0
0
0
0
0
0
0
0
0
0
0
2262
3103
0
0
0
0
3860
0
0
0
0
0
0
0
0
0
0
0
3099
0
0
0
2125
0
0
0
0
0
0
0
0
0
2258
0
0
3095
0
0
3856
0
0
0
0
0
0
0
0
0
0
0
0
0
3091
0
0
0
2265
0
0
0
0
0
0
0
2138
0
0
0
0
2287
2204
0
0
0
0
0
0
0
0
0
0
0
0
0
0
2215
0
0
0
0
3133
0
0
0
0
0
2134
0
0
0
0
2211
2200
0
0
0
0
0
0
0
0
0
0
0
0
0
0
2251
0
0
0
0
0
0
3129
0
0
0
2130
0
0
0
0
2247
2196
0
0
0
0
0
0
0
0
0
0
0
2099
0
0
0
0
0
0
0
0
0
0
0
2121
3087
2166
0
0
0
0
0
2192
0
0
0
0
0
3083
0
0
0
0
0
0
0
0
0
0
0
0
2115
0
0
0
0
0
0
2149
2162
0
0
0
0
2156
2107
0
0
0
0
0
2443
0
0
0
0
0
2475
0
0
0
0
0
2451
2074
0
0
0
0
2467
0
0
2253
0
0
2435
2152
0
0
0
0
2459
0
2291
0
2307
0
2387
0
2066
2419
0
2339
0
2355
0
2323
0
2403
0
2371
3175
3171
3167
3163
3159
2145
3155
3148
2503
2499
2495
2491
2487
2058
2483
2479
2471
2463
2455
2447
2439
2431
2427
2423
2415
2411
2407
2399
2395
2391
2383
2379
2375
2367
2363
2359
2351
2347
2093
3144
2050
2343
2335
2331
2327
2319
2315
2311
2303
2299
2295
0
0
0
0
0
0
0
0
0
0
0
0
0
0
2090
0
0
0
0
0
3140
6157
0
0
0
0
0
0
0
0
0
0
0
0
0
0
0
0
0
0
0
0
0
0
0
0
0
0
0
0
0
0
0
0
0
0
0
0
0
0
0
0
0
0
0
0
0
0
0
0
0
0
0
2136
3149
0
3134
2055
0
0
0
0
0
0
0
0
0
0
0
0
0
0
0
0
0
0
0
0
0
0
0
0
0
0
0
0
0
0
0
0
0
0
0
0
0
0
0
0
0
0
0
0
0
0
0
2132
3145
0
0
0
0
3130
0
2243
0
0
0
0
0
0
0
0
0
0
0
0
0
0
0
0
0
0
0
0
0
0
0
0
0
0
0
0
0
0
0
0
0
0
0
0
0
0
0
0
0
0
0
2128
3141
0
0
0
0
0
0
0
3074
0
0
2219
0
0
0
0
0
0
0
0
0
0
0
0
0
0
0
0
0
0
0
0
0
0
0
0
0
0
0
0
0
0
0
0
0
0
0
0
0
0
0
2188
3137
0
0
0
0
0
0
0
0
2238
0
0
0
0
0
2079
0
0
0
0
0
0
0
0
0
0
0
0
0
0
0
0
0
0
0
0
0
0
0
0
0
0
0
0
0
0
0
0
0
0
0
2184
3125
0
0
0
0
0
0
0
0
0
2234
0
0
0
0
0
0
0
0
2231
0
0
0
0
0
0
0
0
0
0
0
0
0
0
0
0
0
0
0
0
0
0
0
0
0
0
0
0
0
0
0
2180
3121
0
0
0
0
0
0
0
0
0
0
2226
0
0
0
0
0
0
0
0
0
0
0
2103
0
0
0
0
0
0
0
0
0
0
0
0
0
0
0
0
0
0
0
0
0
0
0
0
0
0
0
2176
3117
0
0
0
0
0
0
0
0
0
0
0
2222
0
0
0
0
0
0
0
0
0
0
0
0
0
3899
0
0
0
0
0
0
0
0
0
0
0
0
0
0
0
0
0
0
0
0
0
0
0
2212
0
3113
0
0
0
0
0
0
0
0
0
0
0
0
2118
0
0
0
0
0
0
0
0
0
0
0
0
0
0
0
2151
0
0
0
0
0
0
0
0
0
0
0
0
0
0
0
0
0
0
0
2208
0
0
3101
0
0
0
0
0
0
0
0
0
0
0
0
0
2062
0
0
0
0
0
0
0
0
0
0
0
0
0
0
0
0
0
2147
0
0
0
0
0
0
0
0
0
0
0
0
2204
0
0
0
0
0
0
3097
0
0
0
0
0
0
0
0
0
0
0
0
0
0
2110
0
0
0
0
0
0
0
0
0
0
0
0
0
0
0
0
0
0
0
3867
0
0
0
0
0
2200
0
0
0
0
0
0
0
0
0
0
3093
0
0
0
0
0
0
0
0
0
0
0
0
0
0
0
2086
0
0
0
0
0
0
0
0
0
0
0
0
0
0
0
0
0
0
0
0
2196
2279
0
0
0
0
0
0
0
0
0
0
0
0
0
3089
0
0
0
0
0
0
0
0
0
0
0
0
0
0
0
0
2070
0
0
0
0
0
0
0
0
0
0
0
0
0
0
0
2192
0
0
0
0
0
0
0
3111
0
0
0
0
0
0
0
0
0
0
2165
0
0
0
0
0
0
0
0
0
0
0
0
0
0
0
0
0
2094
0
0
0
0
0
0
0
0
3084
0
0
0
0
0
0
0
0
0
0
0
0
0
0
0
0
3107
0
0
0
0
0
0
0
2161
0
0
0
0
0
0
0
0
0
0
0
0
0
0
0
0
0
0
2250
0
3080
0
0
0
0
0
0
0
0
0
0
0
0
0
0
0
0
0
0
0
0
0
0
0
0
0
2127
0
0
0
0
2285
0
0
0
0
0
0
0
2112
0
0
0
0
0
0
0
0
0
0
0
2246
0
0
0
0
0
0
0
0
0
0
0
0
0
0
0
0
0
0
0
0
0
0
0
0
0
0
2104
0
0
2123
0
2281
0
0
0
0
0
0
0
0
0
0
0
0
0
0
0
0
0
0
0
3894
0
0
0
0
0
0
0
0
0
0
0
0
0
2096
0
0
0
0
0
0
0
0
0
0
0
0
0
0
0
0
0
2273
2267
0
0
0
0
0
0
0
0
0
0
0
0
0
0
0
0
0
0
3890
2088
0
0
0
0
0
0
0
0
0
0
0
0
0
0
0
0
0
0
0
0
0
0
0
0
0
0
0
0
0
0
2269
0
0
0
3159
0
0
0
2080
0
0
0
0
0
0
0
0
0
0
0
3862
0
0
0
0
0
0
0
0
0
0
0
0
0
0
0
0
0
0
0
0
0
0
0
0
0
0
2072
0
0
0
0
2261
0
0
0
0
0
0
3155
0
0
0
0
0
0
0
0
0
0
0
0
3858
0
0
0
0
0
0
0
0
0
0
0
0
0
2064
0
0
0
0
0
0
0
0
0
0
0
0
0
0
0
0
0
2257
0
0
0
0
0
0
0
0
0
2175
0
0
0
0
0
0
0
0
0
3174
2056
0
0
0
0
0
0
0
0
0
0
0
0
0
0
0
0
0
0
0
0
0
0
0
0
0
0
0
0
0
0
2157
0
0
0
0
0
0
0
2048
0
0
0
0
2171
0
0
2464
0
0
0
3170
0
0
0
2496
0
0
0
0
0
0
0
2432
0
0
0
0
0
0
0
2488
0
0
0
0
0
0
0
2456
0
0
0
2153
0
0
0
2480
0
0
0
0
0
0
0
2440
0
0
0
2255
0
0
0
2472
3166
0
0
0
0
0
0
2448
0
2288
0
2304
0
2384
0
2416
0
2336
0
2352
0
2320
0
2400
0
2368
2500
2492
2484
2476
2468
2460
2452
2444
2436
2428
2424
2420
2412
2408
2404
2396
2392
2388
2380
2376
2372
2364
2360
2356
2348
2344
2340
2332
2328
2324
2316
2312
2308
2300
2296
2292
2141
3162
7175
0
0
0
0
0
0
0
0
0
0
0
0
0
0
0
0
0
0
0
0
0
0
0
0
0
0
0
0
0
0
0
0
0
0
0
0
0
0
0
0
0
0
0
0
0
0
0
0
0
0
0
0
0
0
0
0
0
0
0
0
0
0
0
0
0
0
0
0
0
0
0
0
0
0
0
0
0
0
0
0
0
0
0
0
0
0
0
0
0
0
0
0
0
0
0
0
0
0
0
0
0
0
0
0
0
0
0
0
0
0
0
0
0
0
0
0
0
0
0
0
0
0
0
0
0
0
0
0
0
0
0
0
0
0
0
0
0
0
0
0
0
0
0
0
0
0
0
0
0
0
0
0
0
0
0
0
0
0
0
0
0
0
0
0
0
0
0
0
0
0
0
0
0
0
0
0
0
0
0
0
0
0
0
0
0
0
0
0
0
0
0
0
0
0
0
0
0
0
0
0
0
0
0
0
0
0
0
0
0
0
0
0
0
0
0
0
0
0
0
0
0
0
0
0
0
0
0
0
0
0
0
0
0
0
0
0
0
0
0
0
0
0
0
0
0
0
0
0
0
0
0
0
0
0
0
0
0
0
0
0
0
0
0
0
0
0
0
0
0
0
0
0
0
0
0
0
0
0
0
0
0
0
0
0
0
0
0
0
0
0
0
0
0
0
0
0
0
0
0
0
0
0
0
0
0
0
0
0
0
0
0
0
0
0
0
0
0
0
0
0
0
0
0
0
0
0
0
0
0
0
0
0
0
0
0
0
0
0
0
0
0
0
0
0
0
0
0
0
0
0
0
0
0
0
0
0
0
0
0
0
0
0
0
0
0
0
0
0
0
0
0
0
0
0
0
0
0
0
0
0
0
0
0
0
0
0
0
0
0
0
0
0
0
0
0
0
0
0
0
0
0
0
0
0
0
0
0
0
0
0
0
0
0
0
0
0
0
0
0
0
0
0
0
0
0
0
0
0
0
0
0
0
0
0
0
0
0
0
0
0
0
0
0
0
0
0
0
0
0
0
0
0
0
0
0
0
0
0
0
0
0
0
0
0
0
0
0
0
0
0
0
0
0
0
0
0
0
0
0
0
0
0
0
0
0
0
0
0
0
0
0
0
0
0
0
0
0
0
0
0
0
0
0
0
0
0
0
0
0
0
0
0
0
0
0
0
0
0
0
0
0
0
0
0
0
0
0
0
0
0
0
0
0
0
0
0
0
0
0
0
0
0
0
0
0
0
0
0
0
0
0
0
0
0
0
0
0
0
0
0
0
0
0
0
0
0
0
0
0
0
0
0
0
0
0
0
0
0
0
0
0
0
0
0
0
0
0
0
0
0
0
0
0
0
0
0
0
0
0
0
0
0
0
0
0
0
0
0
0
0
0
0
0
0
0
0
0
0
0
0
0
0
0
0
0
0
0
0
0
0
0
0
0
0
0
0
0
0
0
0
0
0
0
0
0
0
0
0
0
0
0
0
0
0
0
0
0
0
0
0
0
0
0
0
0
0
0
0
0
0
0
0
0
0
0
0
0
0
0
0
0
0
0
0
0
0
0
0
0
0
0
0
0
0
0
0
0
0
0
0
0
0
0
0
0
0
0
0
0
0
0
0
0
0
0
0
0
0
0
0
0
0
0
0
0
0
0
0
0
0
0
0
0
0
0
0
0
0
0
0
0
0
0
0
0
0
0
0
0
0
0
0
0
0
0
0
0
0
0
0
0
0
0
0
0
0
0
0
0
0
0
0
0
0
0
0
0
0
0
0
0
0
0
0
0
0
0
0
0
0
0
0
0
0
0
0
0
0
0
0
0
0
0
0
0
0
0
0
0
0
0
0
0
0
0
0
0
0
0
0
0
0
0
0
0
0
0
0
0
0
0
0
0
0
0
0
0
0
0
0
0
0
0
0
0
0
0
0
0
0
0
0
0
0
0
0
0
0
0
0
0
0
0
0
0
0
0
0
0
0
0
0
0
0
0
0
0
0
0
0
0
0
0
0
0
0
0
0
0
0
0
0
0
0
0
0
0
0
0
0
0
0
0
0
0
0
0
0
0
0
0
0
0
0
0
0
0
0
0
0
0
0
0
0
0
0
0
0
0
0
0
0
0
0
0
0
0
0
0
0
0
0
0
0
0
0
0
0
0
0
0
0
0
0
0
0
0
0
0
0
0
0
0
0
0
0
0
0
0
0
0
0
0
0
0
0
0
0
0
0
0
0
0
0
0
0
0
0
0
0
0
0
0
0
0
0
0
0
0
0
0
0
0
0
0
0
0
0
0
0
0
0
0
0
0
0
0
0
0
0
0
0
0
0
0
0
0
0
0
0
0
0
0
0
0
0
0
0
0
0
0
0
0
0
0
0
0
0
0
0
0
0
0
0
0
0
0
0
0
0
0
0
0
0
0
0
0
0
0
0
0
0
0
0
0
0
0
0
0
0
0
0
0
0
0
0
0
0
0
0
0
0
0
0
0
0
0
0
0
0
0
0
0
0
0
0
0
0
0
0
0
0
0
0
0
0
0
0
0
0
0
0
0
0
0
0
0
0
0
0
0
0
0
0
0
0
0
0
0
0
0
0
0
0
0
0
0
0
0
0
0
0
0
0
0
0
0
0
0
0
0
0
0
0
0
0
0
0
0
0
0
0
0
0
0
0
0
0
0
0
0
0
0
0
0
0
0
0
0
0
0
0
0
0
0
0
0
0
0
0
0
0
0
0
0
0
0
0
0
0
0
0
0
0
0
0
0
0
0
0
0
0
0
0
0
0
0
0
0
0
0
0
0
0
0
0
0
0
0
0
0
0
0
0
0
0
0
0
0
0
0
0
0
0
0
0
0
0
0
0
0
0
0
0
0
0
0
0
0
0
0
0
0
0
0
0
0
0
0
0
0
0
0
0
0
0
0
0
0
0
0
0
0
0
0
0
0
0
0
0
0
0
0
0
0
0
0
0
0
0
0
0
0
0
0
0
0
0
0
0
0
0
0
0
0
0
0
0
0
0
0
0
0
0
0
0
0
0
0
0
0
0
0
0
0
0
0
0
0
0
0
0
0
0
0
0
0
0
0
0
0
0
0
0
0
0
0
0
0
0
0
0
0
0
0
0
0
0
0
0
0
0
0
0
0
0
0
0
0
0
0
0
0
0
0
0
0
0
0
0
0
0
0
0
0
0
0
0
0
0
0
0
0
0
0
0
0
0
0
0
0
0
0
0
0
0
0
0
0
0
0
0
0
0
0
0
0
0
0
0
0
0
0
0
0
0
0
0
0
0
0
0
0
0
0
0
0
0
0
0
0
0
0
0
0
0
0
0
0
0
0
0
0
0
0
0
0
0
0
0
0
0
0
0
0
0
0
0
0
0
0
0
0
0
0
0
0
0
0
0
0
0
0
0
0
0
0
0
0
0
0
0
0
0
0
0
0
0
0
0
0
0
0
0
0
0
0
0
0
0
0
0
0
0
0
0
0
0
0
0
0
0
0
0
0
0
0
0
0
0
0
0
0
0
0
0
0
0
0
0
0
0
0
0
0
0
0
0
0
0
0
0
0
0
0
0
0
0
0
0
0
0
0
0
0
0
0
0
0
0
0
0
0
0
0
0
0
0
0
0
0
0
0
0
0
0
0
0
0
0
0
0
0
0
0
0
0
0
0
0
0
0
0
0
0
0
0
0
0
0
0
0
0
0
0
0
0
0
0
0
0
0
0
0
0
0
0
0
0
0
0
0
0
0
0
0
0
0
0
0
0
0
0
0
0
0
0
0
0
0
0
0
0
0
0
0
0
0
0
0
0
0
0
0
0
0
0
0
0
0
0
0
0
0
0
0
0
0
0
0
0
0
0
0
0
0
0
0
0
0
0
0
0
0
0
0
0
0
0
0
0
0
0
0
0
0
0
0
0
0
0
0
0
0
0
0
0
0
0
0
0
0
0
0
0
0
0
0
0
0
0
0
0
0
0
0
0
0
0
0
0
0
0
0
0
0
0
0
0
0
0
0
0
0
0
0
0
0
0
0
0
0
0
0
0
0
0
0
0
0
0
0
0
0
0
0
0
0
0
0
0
0
0
0
0
0
0
0
0
0
0
0
0
0
0
0
0
0
0
0
0
0
0
0
0
0
0
0
0
0
0
0
0
0
0
0
0
0
0
0
0
0
0
0
0
0
0
0
0
0
0
0
0
0
0
0
0
0
0
0
0
0
0
0
0
0
0
0
0
0
0
0
0
0
0
0
0
0
0
0
0
0
0
0
0
0
0
0
0
0
0
0
0
0
0
0
0
0
0
0
0
0
0
0
0
0
0
0
0
0
0
0
0
0
0
0
0
0
0
0
0
0
0
0
0
0
0
0
0
0
0
0
0
0
0
0
0
0
0
0
0
0
0
0
0
0
0
0
0
0
0
0
0
0
0
0
0
0
0
0
0
0
0
0
0
0
0
0
0
0
0
0
0
0
0
0
0
0
0
0
0
0
0
0
0
0
0
0
0
0
0
0
0
0
0
0
0
0
0
0
0
0
0
0
0
0
0
0
0
0
0
0
0
0
0
0
0
0
0
0
0
0
0
0
0
0
0
0
0
0
0
0
0
0
0
0
0
0
0
0
0
0
0
0
0
0
0
0
0
0
0
0
0
0
0
0
0
0
0
0
0
0
0
0
0
0
0
0
0
0
0
0
0
0
0
0
0
0
0
0
0
0
0
0
0
0
0
0
0
0
0
0
0
0
0
0
0
0
0
0
0
0
0
0
0
0
0
0
0
0
0
0
0
0
0
0
0
0
0
0
0
0
0
0
0
0
0
0
0
0
0
0
0
0
0
0
0
0
0
0
0
0
0
0
0
0
0
0
0
0
0
0
0
0
0
0
0
0
0
0
0
0
0
0
0
0
0
0
0
0
0
0
0
0
0
0
0
0
0
0
0
0
0
0
0
0
0
0
0
0
0
0
0
0
0
0
0
0
0
0
0
0
0
0
0
0
0
0
0
0
0
0
0
0
0
0
0
0
0
0
0
0
0
0
0
0
0
0
0
0
0
0
0
0
0
0
0
0
0
0
0
0
0
0
0
0
0
0
0
0
0
