int
0
0
0
0
0
0
0
0
0
0
0
0
0
0
0
0
0
0
2077
0
0
0
0
0
0
0
0
0
2196
2226
0
2055
0
0
0
0
2093
0
0
0
0
0
0
0
0
0
0
0
0
0
0
0
0
0
2253
0
0
2192
0
2222
0
0
0
2219
0
0
0
0
0
0
0
0
2085
0
0
0
0
0
0
0
0
0
0
0
0
0
2284
0
0
2118
2125
0
0
0
0
2243
0
0
0
0
0
0
0
0
0
0
0
0
2121
0
0
0
0
0
0
2280
0
0
0
2250
0
0
0
0
0
0
3077
2103
0
0
0
0
0
0
0
0
0
0
0
0
0
0
0
0
2272
3073
0
0
0
2246
0
0
0
0
0
0
0
0
3883
0
0
0
2257
0
0
0
0
0
0
0
0
0
0
2268
0
0
0
0
0
2141
2062
0
0
0
0
0
0
0
0
2279
0
0
0
0
0
0
2137
0
0
0
0
0
2188
0
0
0
0
0
0
3878
0
0
0
2229
0
0
0
0
0
0
2151
0
0
0
0
0
0
0
0
0
2133
2184
0
0
0
0
0
0
3874
0
0
0
0
0
0
0
0
2129
0
0
0
3135
0
0
0
0
0
0
0
0
2180
0
0
0
3101
0
0
3174
0
0
0
0
0
0
0
0
0
0
0
0
0
3097
3131
0
0
0
0
0
0
2176
0
0
0
0
0
0
3170
0
3093
0
0
0
0
0
0
0
0
0
0
0
0
0
0
2147
0
3089
0
0
2164
0
0
0
0
0
0
3166
0
0
0
0
0
0
2261
0
0
0
0
0
0
0
0
0
0
0
2267
0
0
2160
2213
0
0
0
0
0
3162
0
0
0
0
0
0
0
0
0
2209
0
0
0
0
0
0
0
0
0
0
3159
2156
0
0
0
2237
0
0
3150
0
0
0
0
0
0
0
0
0
0
0
0
2233
0
0
0
0
0
0
0
0
2152
3155
0
0
2073
0
0
3146
0
0
0
0
0
0
0
0
0
3085
0
0
0
0
0
2096
0
0
0
0
0
0
3081
0
2175
0
0
0
3142
0
0
0
0
0
0
2089
0
0
2064
0
0
0
0
0
0
0
0
0
2081
0
0
0
0
2441
0
2171
0
3138
2497
0
0
2056
0
2449
0
0
0
0
2489
0
0
0
0
2433
0
0
0
0
2481
0
2289
0
2305
0
2048
2385
2206
2417
2111
2337
0
2353
0
2321
0
2401
0
2369
3125
3121
3117
3113
3109
3105
2501
2493
2485
2112
2477
2473
2469
2465
2461
2457
2453
2445
2437
2429
2425
2421
2413
2409
2405
2397
2393
2389
2381
2377
2373
2365
2104
2361
2357
2349
2345
2341
2333
2329
2325
2317
2313
2309
2301
2297
2293
2202
6167
0
0
0
0
0
0
0
0
0
0
0
0
0
0
0
0
0
0
0
0
0
0
0
0
0
0
0
0
0
0
0
0
0
0
0
0
0
0
0
0
0
0
0
0
0
0
0
0
3144
2133
0
3074
2079
0
0
0
0
0
0
0
0
0
0
0
0
0
0
0
0
0
0
0
0
0
0
0
0
0
0
0
0
0
0
0
0
0
0
0
0
0
0
0
0
0
0
0
0
3140
2129
0
0
0
0
2150
0
2231
0
0
0
0
0
0
0
0
0
0
0
0
0
0
0
0
0
0
0
0
0
0
0
0
0
0
0
0
0
0
0
0
0
0
0
0
0
0
0
0
3136
2189
0
0
0
0
0
0
0
2146
0
0
2103
0
0
0
0
0
0
0
0
0
0
0
0
0
0
0
0
0
0
0
0
0
0
0
0
0
0
0
0
0
0
0
0
0
0
0
0
3124
2185
0
0
0
0
0
0
0
0
2226
0
0
0
0
0
2055
0
0
0
0
0
0
0
0
0
0
0
0
0
0
0
0
0
0
0
0
0
0
0
0
0
0
0
0
0
0
0
0
3120
2181
0
0
0
0
0
0
0
0
0
2222
0
0
0
0
0
0
0
0
2243
0
0
0
0
0
0
0
0
0
0
0
0
0
0
0
0
0
0
0
0
0
0
0
0
0
0
0
0
3116
2177
0
0
0
0
0
0
0
0
0
0
2118
0
0
0
0
0
0
0
0
0
0
0
2219
0
0
0
0
0
0
0
0
0
0
0
0
0
0
0
0
0
0
0
0
0
0
0
0
3112
2213
0
0
0
0
0
0
0
0
0
0
0
2062
0
0
0
0
0
0
0
0
0
0
0
0
0
3883
0
0
0
0
0
0
0
0
0
0
0
0
0
0
0
0
0
0
0
0
0
3100
2209
0
0
0
0
0
0
0
0
0
0
0
0
2110
0
0
0
0
0
0
0
0
0
0
0
0
0
0
0
2279
0
0
0
0
0
0
0
0
0
0
0
0
0
0
0
2205
0
0
3096
0
0
0
0
0
0
0
0
0
0
0
0
0
0
2086
0
0
0
0
0
0
0
0
0
0
0
0
0
0
0
0
0
3111
0
0
0
0
0
0
0
0
2201
0
0
0
0
0
0
3092
0
0
0
0
0
0
0
0
0
0
0
0
0
0
0
2070
0
0
0
0
0
0
0
0
0
0
0
0
0
0
0
0
0
0
0
3107
0
2197
0
0
0
0
0
0
0
0
0
0
3088
0
0
0
0
0
0
0
0
0
0
0
0
0
0
0
0
2094
0
0
0
0
0
0
0
0
0
0
0
0
0
0
0
0
2193
0
0
0
0
2127
0
0
0
0
0
0
0
0
0
2164
0
0
0
0
0
0
0
0
0
0
0
0
0
0
0
0
0
2250
0
0
0
0
0
0
0
0
0
3085
0
0
0
0
0
0
0
0
0
0
0
0
0
2123
0
0
0
0
0
0
2160
0
0
0
0
0
0
0
0
0
0
0
0
0
0
0
0
0
0
2246
0
0
3081
0
0
0
0
0
0
0
0
0
0
0
0
0
0
0
0
0
0
0
0
0
0
2267
0
0
0
2284
0
0
0
0
0
0
0
0
0
2113
0
0
0
0
0
0
0
0
0
2238
0
0
0
0
0
0
0
0
0
0
0
0
0
0
0
0
0
0
0
0
0
0
0
0
0
0
2105
3159
2280
0
0
0
0
0
0
0
0
0
0
0
0
0
0
0
0
0
0
0
0
2234
0
0
0
0
0
0
0
0
0
0
0
0
0
2097
0
0
0
0
0
0
0
0
0
0
0
0
0
2272
0
3155
0
0
0
0
0
0
0
0
0
0
0
0
0
0
0
0
0
0
3878
0
2089
0
0
0
0
0
0
0
0
0
0
0
0
0
0
0
0
0
0
0
0
0
0
0
0
0
2268
0
0
0
0
2175
0
0
0
0
0
2081
0
0
0
0
0
0
0
0
0
3874
0
0
0
0
0
0
0
0
0
0
0
0
0
0
0
0
0
0
0
0
0
0
0
0
0
0
2073
2260
0
0
0
0
0
0
0
2171
0
0
0
0
0
0
0
0
0
0
0
0
3174
0
0
0
0
0
0
0
0
0
0
0
0
0
0
2065
0
0
0
0
0
0
0
0
0
0
0
0
2256
0
0
0
0
0
0
0
0
0
0
2255
0
0
0
0
0
0
0
0
0
3170
0
0
2057
0
0
0
0
0
0
0
0
0
0
0
0
0
0
0
0
0
0
0
0
0
0
0
0
2156
0
0
0
0
0
0
0
0
0
0
0
2049
0
3079
0
0
0
0
2465
0
3166
0
0
0
0
2497
0
0
0
0
0
0
2433
0
0
0
0
0
0
2489
0
0
0
0
0
0
2457
0
2152
0
0
0
0
2481
0
0
0
0
0
0
2441
0
0
0
0
3135
0
2473
0
3162
0
0
0
0
2449
0
2289
0
2305
0
2385
0
2417
0
2337
0
2353
0
2321
0
2401
0
2369
2501
2493
2485
2477
2140
2469
2461
2453
2445
2437
2429
2425
2421
2413
2409
2405
2397
2393
2389
2381
2377
2373
2365
2361
2357
2349
2345
2341
2333
2329
2325
2317
2313
2309
2301
2297
2293
3150
3131
0
0
0
0
0
0
0
0
0
0
0
0
0
0
6232
0
0
0
0
0
0
0
0
0
0
0
0
0
0
0
0
0
0
0
0
0
0
0
0
0
0
0
0
0
0
0
0
0
0
0
0
0
0
0
0
0
0
0
0
0
0
0
0
0
0
0
0
0
0
0
0
0
0
0
0
0
0
0
0
0
0
0
0
0
0
0
0
0
0
0
0
0
0
0
0
0
0
0
0
0
0
0
0
0
0
0
0
0
0
0
0
0
0
0
0
0
0
0
0
0
0
0
0
0
0
0
0
0
0
0
0
0
0
0
0
0
0
0
0
0
0
0
0
0
0
0
0
0
0
0
0
0
0
0
0
0
0
0
0
0
0
0
0
0
0
0
0
0
0
0
0
0
0
0
0
0
0
0
0
0
0
0
0
0
0
0
0
0
0
0
0
0
0
0
0
0
0
0
0
0
0
0
0
0
0
0
0
0
0
0
0
0
0
0
0
0
0
0
0
0
0
0
0
0
0
0
0
0
0
0
0
0
0
0
0
0
0
0
0
0
0
0
0
0
0
0
0
0
0
0
0
0
0
0
0
0
0
0
0
0
0
0
0
0
0
0
0
0
0
0
0
0
0
0
0
0
0
0
0
0
0
0
0
0
0
0
0
0
0
0
0
0
0
0
0
0
0
0
0
0
0
0
0
0
0
0
0
0
0
0
0
0
0
0
0
0
0
0
0
0
0
0
0
0
0
0
0
0
0
0
0
0
0
0
0
0
0
0
0
0
0
0
0
0
0
0
0
0
0
0
0
0
0
0
0
0
0
0
0
0
0
0
0
0
0
0
0
0
0
0
0
0
0
0
0
0
0
0
0
0
0
0
0
0
0
0
0
0
0
0
0
0
0
0
0
0
0
0
0
0
0
0
0
0
0
0
0
0
0
0
0
0
0
0
0
0
0
0
0
0
0
0
0
0
0
0
0
0
0
0
0
0
0
0
0
0
0
0
0
0
0
0
0
0
0
0
0
0
0
0
0
0
0
0
0
0
0
0
0
0
0
0
0
0
0
0
0
0
0
0
0
0
0
0
0
0
0
0
0
0
0
0
0
0
0
0
0
0
0
0
0
0
0
0
0
0
0
0
0
0
0
0
0
0
0
0
0
0
0
0
0
0
0
0
0
0
0
0
0
0
0
0
0
0
0
0
0
0
0
0
0
0
0
0
0
0
0
0
0
0
0
0
0
0
0
0
0
0
0
0
0
0
0
0
0
0
0
0
0
0
0
0
0
0
0
0
0
0
0
0
0
0
0
0
0
0
0
0
0
0
0
0
0
0
0
0
0
0
0
0
0
0
0
0
0
0
0
0
0
0
0
0
0
0
0
0
0
0
0
0
0
0
0
0
0
0
0
0
0
0
0
0
0
0
0
0
0
0
0
0
0
0
0
0
0
0
0
0
0
0
0
0
0
0
0
0
0
0
0
0
0
0
0
0
0
0
0
0
0
0
0
0
0
0
0
0
0
0
0
0
0
0
0
0
0
0
0
0
0
0
0
0
0
0
0
0
0
0
0
0
0
0
0
0
0
0
0
0
0
0
0
0
0
0
0
0
0
0
0
0
0
0
0
0
0
0
0
0
0
0
0
0
0
0
0
0
0
0
0
0
0
0
0
0
0
0
0
0
0
0
0
0
0
0
0
0
0
0
0
0
0
0
0
0
0
0
0
0
0
0
0
0
0
0
0
0
0
0
0
0
0
0
0
0
0
0
0
0
0
0
0
0
0
0
0
0
0
0
0
0
0
0
0
0
0
0
0
0
0
0
0
0
0
0
0
0
0
0
0
0
0
0
0
0
0
0
0
0
0
0
0
0
0
0
0
0
0
0
0
0
0
0
0
0
0
0
0
0
0
0
0
0
0
0
0
0
0
0
0
0
0
0
0
0
0
0
0
0
0
0
0
0
0
0
0
0
0
0
0
0
0
0
0
0
0
0
0
0
0
0
0
0
0
0
0
0
0
0
0
0
0
0
0
0
0
0
0
0
0
0
0
0
0
0
0
0
0
0
0
0
0
0
0
0
0
0
0
0
0
0
0
0
0
0
0
0
0
0
0
0
0
0
0
0
0
0
0
0
0
0
0
0
0
0
0
0
0
0
0
0
0
0
0
0
0
0
0
0
0
0
0
0
0
0
0
0
0
0
0
0
0
0
0
0
0
0
0
0
0
0
0
0
0
0
0
0
0
0
0
0
0
0
0
0
0
0
0
0
0
0
0
0
0
0
0
0
0
0
0
0
0
0
0
0
0
0
0
0
0
0
0
0
0
0
0
0
0
0
0
0
0
0
0
0
0
0
0
0
0
0
0
0
0
0
0
0
0
0
0
0
0
0
0
0
0
0
0
0
0
0
0
0
0
0
0
0
0
0
0
0
0
0
0
0
0
0
0
0
0
0
0
0
0
0
0
0
0
0
0
0
0
0
0
0
0
0
0
0
0
0
0
0
0
0
0
0
0
0
0
0
0
0
0
0
0
0
0
0
0
0
0
0
0
0
0
0
0
0
0
0
0
0
0
0
0
0
0
0
0
0
0
0
0
0
0
0
0
0
0
0
0
0
0
0
0
0
0
0
0
0
0
0
0
0
0
0
0
0
0
0
0
0
0
0
0
0
0
0
0
0
0
0
0
0
0
0
0
0
0
0
0
0
0
0
0
0
0
0
0
0
0
0
0
0
0
0
0
0
0
0
0
0
0
0
0
0
0
0
0
0
0
0
0
0
0
0
0
0
0
0
0
0
0
0
0
0
0
0
0
0
0
0
0
0
0
0
0
0
0
0
0
0
0
0
0
0
0
0
0
0
0
0
0
0
0
0
0
0
0
0
0
0
0
0
0
0
0
0
0
0
0
0
0
0
0
0
0
0
0
0
0
0
0
0
0
0
0
0
0
0
0
0
0
0
0
0
0
0
0
0
0
0
0
0
0
0
0
0
0
0
0
0
0
0
0
0
0
0
0
0
0
0
0
0
0
0
0
0
0
0
0
0
0
0
0
0
0
0
0
0
0
0
0
0
0
0
0
0
0
0
0
0
0
0
0
0
0
0
0
0
0
0
0
0
0
0
0
0
0
0
0
0
0
0
0
0
0
0
0
0
0
0
0
0
0
0
0
0
0
0
0
0
0
0
0
0
0
0
0
0
0
0
0
0
0
0
0
0
0
0
0
0
0
0
0
0
0
0
0
0
0
0
0
0
0
0
0
0
0
0
0
0
0
0
0
0
0
0
0
0
0
0
0
0
0
0
0
0
0
0
0
0
0
0
0
0
0
0
0
0
0
0
0
0
0
0
0
0
0
0
0
0
0
0
0
0
0
0
0
0
0
0
0
0
0
0
0
0
0
0
0
0
0
0
0
0
0
0
0
0
0
0
0
0
0
0
0
0
0
0
0
0
0
0
0
0
0
0
0
0
0
0
0
0
0
0
0
0
0
0
0
0
0
0
0
0
0
0
0
0
0
0
0
0
0
0
0
0
0
0
0
0
0
0
0
0
0
0
0
0
0
0
0
0
0
0
0
0
0
0
0
0
0
0
0
0
0
0
0
0
0
0
0
0
0
0
0
0
0
0
0
0
0
0
0
0
0
0
0
0
0
0
0
0
0
0
0
0
0
0
0
0
0
0
0
0
0
0
0
0
0
0
0
0
0
0
0
0
0
0
0
0
0
0
0
0
0
0
0
0
0
0
0
0
0
0
0
0
0
0
0
0
0
0
0
0
0
0
0
0
0
0
0
0
0
0
0
0
0
0
0
0
0
0
0
0
0
0
0
0
0
0
0
0
0
0
0
0
0
0
0
0
0
0
0
0
0
0
0
0
0
0
0
0
0
0
0
0
0
0
0
0
0
0
0
0
0
0
0
0
0
0
0
0
0
0
0
0
0
0
0
0
0
0
0
0
0
0
0
0
0
0
0
0
0
0
0
0
0
0
0
0
0
0
0
0
0
0
0
0
0
0
0
0
0
0
0
0
0
0
0
0
0
0
0
0
0
0
0
0
0
0
0
0
0
0
0
0
0
0
0
0
0
0
0
0
0
0
0
0
0
0
0
0
0
0
0
0
0
0
0
0
0
0
0
0
0
0
0
0
0
0
0
0
0
0
0
0
0
0
0
0
0
0
0
0
0
0
0
0
0
0
0
0
0
0
0
0
0
0
0
0
0
0
0
0
0
0
0
0
0
0
0
0
0
0
0
0
0
0
0
0
0
0
0
0
0
0
0
0
0
0
0
0
0
0
0
0
0
0
0
0
0
0
0
0
0
0
0
0
0
0
0
0
0
0
0
0
0
0
0
0
0
0
0
0
0
0
0
0
0
0
0
0
0
0
0
0
0
0
0
0
0
0
0
0
0
0
0
0
0
0
0
0
0
0
0
0
0
0
0
0
0
0
0
0
0
0
0
0
0
0
0
0
0
0
0
0
0
0
0
0
0
0
0
0
0
0
0
0
0
0
0
0
0
0
0
0
0
0
0
0
0
0
0
0
0
0
0
0
0
0
0
0
0
0
0
0
0
0
0
0
0
0
0
0
0
0
0
0
0
0
0
0
0
0
0
0
0
0
0
0
0
0
0
0
0
0
0
0
0
0
0
0
0
0
0
0
0
0
0
0
0
0
0
0
0
0
0
0
0
0
0
0
0
0
0
0
0
0
0
0
0
0
0
0
0
0
0
0
0
0
0
0
0
0
0
0
0
0
0
0
0
0
0
0
0
0
0
0
0
0
0
0
0
0
0
0
0
0
0
0
0
0
0
0
0
0
0
0
0
0
0
0
0
0
0
0
0
0
0
0
0
0
0
0
0
0
0
0
0
0
0
0
0
0
0
0
0
0
0
0
0
0
0
0
0
0
0
0
0
0
0
0
0
0
0
0
0
0
0
0
0
0
0
0
0
0
0
0
0
0
0
0
0
0
0
0
0
0
0
0
0
0
0
0
0
0
0
0
0
0
0
0
0
0
0
0
0
0
0
0
0
0
0
0
0
0
0
0
0
0
0
0
0
0
0
0
0
0
0
0
0
0
0
0
0
0
0
0
0
0
0
0
0
0
0
0
0
0
0
0
0
0
0
0
0
0
0
0
0
0
0
0
0
0
0
0
0
0
0
0
0
0
0
0
0
0
0
0
0
0
0
0
0
0
0
0
0
0
0
0
0
0
0
0
0
0
0
0
0
0
0
0
0
0
0
0
0
0
0
0
0
0
0
0
0
0
0
0
0
0
0
0
0
0
0
0
0
0
0
0
0
0
0
0
0
0
0
0
0
0
0
0
0
0
0
0
0
0
0
0
0
0
0
0
0
0
0
0
0
0
0
0
0
0
0
0
0
0
0
0
0
0
0
0
0
0
0
0
0
0
0
0
0
0
0
0
0
0
0
0
0
0
0
0
0
0
0
0
0
0
0
0
0
0
0
0
0
0
0
0
0
0
