int
0
0
0
2151
0
0
0
2295
0
0
0
2139
0
3851
2080
2093
2070
3847
0
3843
0
2143
0
2211
0
2179
0
2251
0
2076
2089
2247
2054
2243
0
2175
0
2171
0
2195
0
2227
0
2155
2072
2085
2131
2323
2062
2319
2315
2307
2299
2291
2287
2064
2283
2279
2275
2271
2165
2267
2263
2106
2259
2255
2056
2239
2235
2231
2223
2219
2215
2207
2203
2161
2199
2048
2102
2191
2187
2308
2183
2147
2135
2124
2123
2119
2115
2300
2157
2111
0
6194
0
0
0
0
0
0
0
0
0
0
0
0
0
0
0
0
0
0
2084
2065
2062
2167
0
0
0
0
0
0
0
0
0
0
0
0
0
0
0
2080
2157
0
2126
2163
0
0
0
0
0
0
0
0
0
0
2059
0
0
0
2128
2101
2139
0
2294
0
2311
0
0
0
2151
0
0
0
2303
0
0
2243
0
2120
3841
3851
0
3847
2050
2227
0
2195
0
2171
0
2155
0
2211
0
2251
0
2247
2076
2097
2143
0
2179
0
2054
2175
2323
2319
2315
2307
2299
2291
2287
2283
2279
2275
2271
2072
2093
2267
2263
2259
2255
2239
2070
2235
2231
2223
2219
2215
2207
2203
2199
2191
2187
2183
2104
2089
2147
2135
2119
2115
0
0
6206
0
0
0
0
0
0
0
0
0
0
0
0
0
0
0
0
0
0
2132
2069
2302
2167
0
0
0
0
0
0
0
0
0
0
0
0
0
0
0
2088
2157
0
2050
2163
0
0
0
0
0
0
0
0
0
0
2067
0
0
0
2084
3845
2295
0
2062
0
2311
0
0
0
2151
0
0
0
2127
0
0
2247
0
2080
2101
3851
0
3843
2058
2227
0
2195
0
2171
0
2155
0
2211
0
2251
0
2243
2076
2097
2131
0
2179
0
2054
2175
2323
2319
2315
2307
2299
2291
2287
2283
2279
2275
2271
2072
2093
2267
2263
2259
2255
2239
2114
2235
2231
2223
2219
2215
2207
2203
2199
2191
2187
2183
2104
2141
2147
2123
2119
2111
0
0
6234
0
0
0
0
0
0
0
0
0
0
0
0
0
0
0
0
0
0
0
0
0
0
2096
2301
2078
2111
0
0
0
0
0
0
0
0
0
0
0
0
0
0
0
0
0
0
0
2092
0
2113
2142
2067
0
0
0
0
0
0
0
0
0
0
0
0
0
0
0
0
0
0
2088
0
0
2293
2134
2139
0
0
0
0
0
0
0
0
0
0
0
0
0
0
0
0
0
2164
0
0
2073
2130
0
2063
0
0
0
0
0
0
0
0
0
0
0
0
0
0
0
0
2160
0
0
3845
2122
0
0
2059
0
0
0
0
0
0
0
0
0
0
0
0
0
0
0
2156
2050
0
3841
0
2310
0
0
2127
2150
0
0
2242
0
0
2246
0
3850
0
2210
0
2170
0
2084
2154
0
2105
2226
0
2178
0
2194
2055
2174
0
2250
2322
2318
2314
2306
2298
2290
2286
2282
2278
2274
2080
2270
2266
2101
2262
2258
2254
2238
2234
2230
2222
2218
2214
2206
2202
2198
2190
2186
2182
2146
2118
6167
0
0
0
0
0
0
0
0
0
0
0
0
0
0
0
0
0
0
2092
2053
2070
2167
0
0
0
0
0
0
0
0
0
0
0
0
0
0
0
2088
3849
0
2066
2163
0
0
0
0
0
0
0
0
0
0
2051
0
0
0
2084
2157
2295
0
2062
0
2139
0
0
0
2303
0
0
0
2127
0
0
2251
0
2080
2153
3847
0
3843
2150
2227
0
2195
0
2171
0
2143
0
2211
0
2247
0
2243
2076
2145
2131
0
2179
0
2058
2175
2323
2319
2315
2307
2299
2291
2287
2283
2279
2275
2271
2072
2101
2267
2263
2259
2255
2239
2118
2235
2231
2223
2219
2215
2207
2203
2199
2191
2187
2183
2104
2097
2135
2123
2115
2111
0
0
6406
0
0
0
0
0
0
0
0
0
0
0
0
0
0
0
0
0
0
0
0
0
0
2096
2117
2086
2071
0
0
0
0
0
0
0
0
0
0
0
0
0
0
0
0
0
0
0
2092
0
2149
2082
2111
0
0
0
0
0
0
0
0
0
0
0
0
0
0
0
0
0
0
2088
0
0
2293
2078
2051
0
0
0
0
0
0
0
0
0
0
0
0
0
0
0
0
0
2164
0
0
3849
2130
0
2063
0
0
0
0
0
0
0
0
0
0
0
0
0
0
0
0
2160
0
0
2073
2122
0
0
2059
0
0
0
0
0
0
0
0
0
0
0
0
0
0
0
2156
2066
0
3841
0
2138
0
0
2127
2302
0
0
2250
0
0
2242
0
3846
0
2210
0
2170
0
2152
2142
0
2105
2226
0
2178
0
2194
2311
2174
0
2246
2322
2318
2314
2306
2298
2290
2286
2282
2278
2274
2144
2270
2266
2101
2262
2258
2254
2238
2234
2230
2222
2218
2214
2206
2202
2198
2190
2186
2182
2134
2114
6151
0
0
0
0
0
0
0
0
0
0
0
0
0
0
0
0
0
0
0
0
0
0
2096
2301
2142
2115
0
0
0
0
0
0
0
0
0
0
0
0
0
0
0
0
0
0
0
2092
0
2117
2134
2071
0
0
0
0
0
0
0
0
0
0
0
0
0
0
0
0
0
0
2088
0
0
2149
2086
2139
0
0
0
0
0
0
0
0
0
0
0
0
0
0
0
0
0
2164
0
0
3849
2082
0
2067
0
0
0
0
0
0
0
0
0
0
0
0
0
0
0
0
2160
0
0
3845
2078
0
0
2063
0
0
0
0
0
0
0
0
0
0
0
0
0
0
0
2156
2058
0
2073
0
2294
0
0
2051
2126
0
0
2250
0
0
2246
0
3842
0
2210
0
2170
0
2152
2130
0
2105
2226
0
2178
0
2194
2311
2174
0
2242
2322
2318
2314
2306
2298
2290
2286
2282
2278
2274
2144
2270
2266
2101
2262
2258
2254
2238
2234
2230
2222
2218
2214
2206
2202
2198
2190
2186
2182
2122
2110
6151
0
0
0
0
0
0
0
0
0
0
0
0
0
0
0
0
0
0
0
0
0
0
0
0
0
0
2152
2149
2110
2091
0
0
0
0
0
0
0
0
0
0
0
0
0
0
0
0
0
0
0
0
0
0
0
2144
0
2293
2138
2087
0
0
0
0
0
0
0
0
0
0
0
0
0
0
0
0
0
0
0
0
0
0
2140
0
0
2113
2070
2083
0
0
0
0
0
0
0
0
0
0
0
0
0
0
0
0
0
0
0
0
0
2132
0
0
3849
0
2054
2079
0
0
0
0
0
0
0
0
0
0
0
0
0
0
0
0
0
0
0
0
2128
0
0
3845
0
0
2126
2075
0
0
0
0
0
0
0
0
0
0
0
0
0
0
0
0
0
0
0
2120
2067
0
3841
0
0
0
2062
0
0
0
0
0
0
0
0
0
0
0
0
0
2051
0
0
0
0
0
2104
0
0
2165
0
0
0
0
2310
0
0
0
0
2059
0
0
2251
0
0
2247
0
0
2243
0
2227
0
2175
2100
2171
0
2161
2195
0
2211
0
2179
2118
2323
2319
2315
2307
2299
2291
2287
2283
2279
2275
2271
2267
2263
2259
2255
2239
2235
2096
2231
2223
2157
2219
2215
2207
2203
2199
2191
2302
2187
2183
0
0
0
0
0
0
0
0
0
0
0
0
0
0
6188
0
0
0
0
0
0
0
0
0
0
0
0
0
0
0
0
0
0
0
0
0
0
0
0
0
0
0
0
0
0
0
0
0
0
0
0
0
0
0
0
0
0
0
0
0
0
0
0
0
0
0
0
0
0
0
0
0
0
0
0
0
0
0
0
0
0
0
0
0
0
0
0
0
0
0
0
0
0
0
0
0
0
0
0
0
0
0
0
0
0
0
0
0
0
0
0
0
0
0
0
0
0
0
0
0
0
0
0
0
0
0
0
0
0
0
0
0
0
0
0
0
0
0
0
0
0
0
0
0
0
0
0
0
0
0
0
0
0
0
0
0
0
0
0
0
0
0
0
0
0
0
0
0
0
0
0
0
0
0
0
0
0
0
0
0
0
0
0
0
0
0
0
0
0
0
0
0
0
0
0
0
0
0
0
0
0
0
0
0
0
0
0
0
0
0
0
0
0
0
0
0
0
0
0
0
0
0
0
0
0
0
0
0
0
0
0
0
0
0
0
0
0
0
0
0
0
0
0
0
0
0
0
0
0
0
0
0
0
0
0
0
0
0
0
0
0
0
0
0
0
0
0
0
0
0
0
0
0
0
0
0
0
0
0
0
0
0
0
0
0
0
0
0
0
0
0
0
0
0
0
0
0
0
0
0
0
0
0
0
0
0
0
0
0
0
0
0
0
0
0
0
0
0
0
0
0
0
0
0
0
0
0
0
0
0
0
0
0
0
0
0
0
0
0
0
0
0
0
0
0
0
0
0
0
0
0
0
0
0
0
0
0
0
0
0
0
0
0
0
0
0
0
0
0
0
0
0
0
0
0
0
0
0
0
0
0
0
0
0
0
0
0
0
0
0
0
0
0
0
0
0
0
0
0
0
0
0
0
0
0
0
0
0
0
0
0
0
0
0
0
0
0
0
0
0
0
0
0
0
0
0
0
0
0
0
0
0
0
0
0
0
0
0
0
0
0
0
0
0
0
0
0
0
0
0
0
0
0
0
0
0
0
0
0
0
0
0
0
0
0
0
0
0
0
0
0
0
0
0
0
0
0
0
0
0
0
0
0
0
0
0
0
0
0
0
0
0
0
0
0
0
0
0
0
0
0
0
0
0
0
0
0
0
0
0
0
0
0
0
0
0
0
0
0
0
0
0
0
0
0
0
0
0
0
0
0
0
0
0
0
0
0
0
0
0
0
0
0
0
0
0
0
0
0
0
0
0
0
0
0
0
0
0
0
0
0
0
0
0
0
0
0
0
0
0
0
0
0
0
0
0
0
0
0
0
0
0
0
0
0
0
0
0
0
0
0
0
0
0
0
0
0
0
0
0
0
0
0
0
0
0
0
0
0
0
0
0
0
0
0
0
0
0
0
0
0
0
0
0
0
0
0
0
0
0
0
0
0
0
0
0
0
0
0
0
0
0
0
0
0
0
0
0
0
0
0
0
0
0
0
0
0
0
0
0
0
0
0
0
0
0
0
0
0
0
0
0
0
0
0
0
0
0
0
0
0
0
0
0
0
0
0
0
0
0
0
0
0
0
0
0
0
0
0
0
0
0
0
0
0
0
0
0
0
0
0
0
0
0
0
0
0
0
0
0
0
0
0
0
0
0
0
0
0
0
0
0
0
0
0
0
0
0
0
0
0
0
0
0
0
0
0
0
0
0
0
0
0
0
0
0
0
0
0
0
0
0
0
0
0
0
0
0
0
0
0
0
0
0
0
0
0
0
0
0
0
0
0
0
0
0
0
0
0
0
0
0
0
0
0
0
0
0
0
0
0
0
0
0
0
0
0
0
0
0
0
0
0
0
0
0
0
0
0
0
0
0
0
0
0
0
0
0
0
0
0
0
0
0
0
0
0
0
0
0
0
0
0
0
0
0
0
0
0
0
0
0
0
0
0
0
0
0
0
0
0
0
0
0
0
0
0
0
0
0
0
0
0
0
0
0
0
0
0
0
0
0
0
0
0
0
0
0
0
0
0
0
0
0
0
0
0
0
0
0
0
0
0
0
0
0
0
0
0
0
0
0
0
0
0
0
0
0
0
0
0
0
0
0
0
0
0
0
0
0
0
0
0
0
0
0
0
0
0
0
0
0
0
0
0
0
0
0
0
0
0
0
0
0
0
0
0
0
0
0
0
0
0
0
0
0
0
0
0
0
0
0
0
0
0
0
0
0
0
0
0
0
0
0
0
0
0
0
0
0
0
0
0
0
0
0
0
0
0
0
0
0
0
0
0
0
0
0
0
0
0
0
0
0
0
0
0
0
0
0
0
0
0
0
0
0
0
0
0
0
0
0
0
0
0
0
0
0
0
0
0
0
0
0
0
0
0
0
0
0
0
0
0
0
0
0
0
0
0
0
0
0
0
0
0
0
0
0
0
0
0
0
0
0
0
0
0
0
0
0
0
0
0
0
0
0
0
0
0
0
0
0
0
0
0
0
0
0
0
0
0
0
0
0
0
0
0
0
0
0
0
0
0
0
0
0
0
0
0
0
0
0
0
0
0
0
0
0
0
0
0
0
0
0
0
0
0
0
0
0
0
0
0
0
0
0
0
0
0
0
0
0
0
0
0
0
0
0
0
0
0
0
0
0
0
0
0
0
0
0
0
0
0
0
0
0
0
0
0
0
0
0
0
0
0
0
0
0
0
0
0
0
0
0
0
0
0
0
0
0
0
0
0
0
0
0
0
0
0
0
0
0
0
0
0
0
0
0
0
0
0
0
0
0
0
0
0
0
0
0
0
0
0
0
0
0
0
0
0
0
0
0
0
0
0
0
0
0
0
0
0
0
0
0
0
0
0
0
0
0
0
0
0
0
0
0
0
0
0
0
0
0
0
0
0
0
0
0
0
0
0
0
0
0
0
0
0
0
0
0
0
0
0
0
0
0
0
0
0
0
0
0
0
0
0
0
0
0
0
0
0
0
0
0
0
0
0
0
0
0
0
0
0
0
0
0
0
0
0
0
0
0
0
0
0
0
0
0
0
0
0
0
0
0
0
0
0
0
0
0
0
0
0
0
0
0
0
0
0
0
0
0
0
0
0
0
0
0
0
0
0
0
0
0
0
0
0
0
0
0
0
0
0
0
0
0
0
0
0
0
0
0
0
0
0
0
0
0
0
0
0
0
0
0
0
0
0
0
0
0
0
0
0
0
0
0
0
0
0
0
0
0
0
0
0
0
0
0
0
0
0
0
0
0
0
0
0
0
0
0
0
0
0
0
0
0
0
0
0
0
0
0
0
0
0
0
0
0
0
0
0
0
0
0
0
0
0
0
0
0
0
0
0
0
0
0
0
0
0
0
0
0
0
0
0
0
0
0
0
0
0
0
0
0
0
0
0
0
0
0
0
0
0
0
0
0
0
0
0
0
0
0
0
0
0
0
0
0
0
0
0
0
0
0
0
0
0
0
0
0
0
0
0
0
0
0
0
0
0
0
0
0
0
0
0
0
0
0
0
0
0
0
0
0
0
0
0
0
0
0
0
0
0
0
0
0
0
0
0
0
0
0
0
0
0
0
0
0
0
0
0
0
0
0
0
0
0
0
0
0
0
0
0
0
0
0
0
0
0
0
0
0
0
0
0
0
0
0
0
0
0
0
0
0
0
0
0
0
0
0
0
0
0
0
0
0
0
0
0
0
0
0
0
0
0
0
0
0
0
0
0
0
0
0
0
0
0
0
0
0
0
0
0
0
0
0
0
0
0
0
0
0
0
0
0
0
0
0
0
0
0
0
0
0
0
0
0
0
0
0
0
0
0
0
0
0
0
0
0
0
0
0
0
0
0
0
0
0
0
0
0
0
0
0
0
0
0
0
0
0
0
0
0
0
0
0
0
0
0
0
0
0
0
0
0
0
0
0
0
0
0
0
0
0
0
0
0
0
0
0
0
0
0
0
0
0
0
0
0
0
0
0
0
0
0
0
0
0
0
0
0
0
0
0
0
0
0
0
0
0
0
0
0
0
0
0
0
0
0
0
0
0
0
0
0
0
0
0
0
0
0
0
0
0
0
0
0
0
0
0
0
0
0
0
0
0
0
0
0
0
0
0
0
0
0
0
0
0
0
0
0
0
0
0
0
0
0
0
0
0
0
0
0
0
0
0
0
0
0
0
0
0
0
0
0
0
0
0
0
0
0
0
0
0
0
0
0
0
0
0
0
0
0
0
0
0
0
0
0
0
0
0
0
0
0
0
0
0
0
0
0
0
0
0
0
0
0
0
0
0
0
0
0
0
0
0
0
0
0
0
0
0
0
0
0
0
0
0
0
0
0
0
0
0
0
0
0
0
0
0
0
0
0
0
0
0
0
0
0
0
0
0
0
0
0
0
0
0
0
0
0
0
0
0
0
0
0
0
0
0
0
0
0
0
0
0
0
0
0
0
0
0
0
0
0
0
0
0
0
0
0
0
0
0
0
0
0
0
0
0
0
0
0
0
0
0
0
0
0
0
0
0
0
0
0
0
0
0
0
0
0
0
0
0
0
0
0
0
0
0
0
0
0
0
0
0
0
0
0
0
0
0
0
0
0
0
0
0
0
0
0
0
0
0
0
0
0
0
0
0
0
0
0
0
0
0
0
0
0
0
0
0
0
0
0
0
0
0
0
0
0
0
0
0
0
0
0
0
0
0
0
0
0
0
0
0
0
0
0
0
0
0
0
0
0
0
0
0
0
0
0
0
0
0
0
0
0
0
0
0
0
0
0
0
0
0
0
0
0
0
0
0
0
0
0
0
0
0
0
0
0
0
0
0
0
0
0
0
0
0
0
0
0
0
0
0
0
0
0
0
0
0
0
0
0
0
0
0
0
0
0
0
0
0
0
0
0
0
0
0
0
0
0
0
0
0
0
0
0
0
0
0
0
0
0
0
0
0
0
0
0
0
0
0
0
0
0
0
0
0
0
0
0
0
0
0
0
0
0
0
0
0
0
0
0
0
0
0
0
0
0
0
0
0
0
0
0
0
0
0
0
0
0
0
0
0
0
0
0
0
0
0
0
0
0
0
0
0
0
0
0
0
0
0
0
0
0
0
0
0
0
0
0
0
0
0
0
0
0
0
0
0
0
0
0
0
0
0
0
0
0
0
0
0
0
0
0
0
0
0
0
0
0
0
0
0
0
0
0
0
0
0
0
0
0
0
0
0
0
0
0
0
0
0
0
0
0
0
0
0
0
0
0
0
0
0
0
0
0
0
0
0
0
0
0
0
0
0
0
0
0
0
0
0
0
0
0
0
0
0
0
0
0
0
0
0
0
0
0
0
0
0
0
0
0
0
0
0
0
0
0
0
0
0
0
0
0
0
0
0
0
0
0
0
0
0
0
0
0
0
0
0
0
0
0
0
0
0
0
0
0
0
0
0
0
0
0
0
0
0
0
0
0
0
0
0
0
0
0
0
0
0
0
0
0
0
0
0
0
0
0
0
0
0
0
0
0
0
0
0
0
0
0
0
0
0
0
0
0
0
0
0
0
0
0
0
0
0
0
0
0
0
0
0
0
0
0
0
0
0
0
0
0
0
0
0
0
0
0
0
0
0
0
0
0
0
0
0
0
0
0
0
0
0
0
0
0
0
0
0
0
0
0
0
0
0
0
0
0
0
0
0
0
0
0
0
0
0
0
0
0
0
0
0
0
0
0
0
0
0
0
0
0
0
0
0
0
0
0
0
0
0
0
0
0
0
0
0
0
0
0
0
0
0
0
0
0
0
0
0
0
0
0
0
0
0
0
0
0
0
0
0
0
0
0
0
0
0
0
0
0
0
0
0
0
0
0
0
0
0
0
0
0
0
0
0
0
0
0
0
0
0
0
0
0
0
0
0
0
0
0
0
0
0
0
0
0
0
0
0
0
0
0
0
0
0
0
0
0
0
0
0
0
0
0
0
0
0
0
0
0
0
0
0
0
0
0
0
0
0
0
0
0
0
0
0
0
0
0
0
0
0
0
0
0
0
0
0
0
0
0
0
0
0
0
0
0
0
0
0
0
0
0
0
0
0
0
0
0
0
0
0
0
0
0
0
0
0
0
0
0
0
0
0
0
0
0
0
0
0
0
0
0
0
0
0
0
0
0
